0	9000
1	9001
2	9002
3	9003
4	9004
5	9005
6	9006
7	9007
8	9008
9	9009
10	9010
11	9011
12	9012
13	9013
14	9014
15	9015
16	9016
17	9017
18	9018
19	9019
20	9020
21	9021
22	9022
23	9023
24	9024
25	9025
26	9026
27	9027
28	9028
29	9029
30	9030
31	9031
32	9032
33	9033
34	9034
35	9035
36	9036
37	9037
38	9038
39	9039
40	9040
41	9041
42	9042
43	9043
44	9044
45	9045
46	9046
47	9047
48	9048
49	9049
50	9050
51	9051
52	9052
53	9053
54	9054
55	9055
56	9056
57	9057
58	9058
59	9059
60	9060
61	9061
62	9062
63	9063
64	9064
65	9065
66	9066
67	9067
68	9068
69	9069
70	9070
71	9071
72	9072
73	9073
74	9074
75	9075
76	9076
77	9077
78	9078
79	9079
80	9080
81	9081
82	9082
83	9083
84	9084
85	9085
86	9086
87	9087
88	9088
89	9089
90	9090
91	9091
92	9092
93	9093
94	9094
95	9095
96	9096
97	9097
98	9098
99	9099
100	9100
101	9101
102	9102
103	9103
104	9104
105	9105
106	9106
107	9107
108	9108
109	9109
110	9110
111	9111
112	9112
113	9113
114	9114
115	9115
116	9116
117	9117
118	9118
119	9119
120	9120
121	9121
122	9122
123	9123
124	9124
125	9125
126	9126
127	9127
128	9128
129	9129
130	9130
131	9131
132	9132
133	9133
134	9134
135	9135
136	9136
137	9137
138	9138
139	9139
140	9140
141	9141
142	9142
143	9143
144	9144
145	9145
146	9146
147	9147
148	9148
149	9149
150	9150
151	9151
152	9152
153	9153
154	9154
155	9155
156	9156
157	9157
158	9158
159	9159
160	9160
161	9161
162	9162
163	9163
164	9164
165	9165
166	9166
167	9167
168	9168
169	9169
170	9170
171	9171
172	9172
173	9173
174	9174
175	9175
176	9176
177	9177
178	9178
179	9179
180	9180
181	9181
182	9182
183	9183
184	9184
185	9185
186	9186
187	9187
188	9188
189	9189
190	9190
191	9191
192	9192
193	9193
194	9194
195	9195
196	9196
197	9197
198	9198
199	9199
200	9200
201	9201
202	9202
203	9203
204	9204
205	9205
206	9206
207	9207
208	9208
209	9209
210	9210
211	9211
212	9212
213	9213
214	9214
215	9215
216	9216
217	9217
218	9218
219	9219
220	9220
221	9221
222	9222
223	9223
224	9224
225	9225
226	9226
227	9227
228	9228
229	9229
230	9230
231	9231
232	9232
233	9233
234	9234
235	9235
236	9236
237	9237
238	9238
239	9239
240	9240
241	9241
242	9242
243	9243
244	9244
245	9245
246	9246
247	9247
248	9248
249	9249
250	9250
251	9251
252	9252
253	9253
254	9254
255	9255
256	9256
257	9257
258	9258
259	9259
260	9260
261	9261
262	9262
263	9263
264	9264
265	9265
266	9266
267	9267
268	9268
269	9269
270	9270
271	9271
272	9272
273	9273
274	9274
275	9275
276	9276
277	9277
278	9278
279	9279
280	9280
281	9281
282	9282
283	9283
284	9284
285	9285
286	9286
287	9287
288	9288
289	9289
290	9290
291	9291
292	9292
293	9293
294	9294
295	9295
296	9296
297	9297
298	9298
299	9299
300	9300
301	9301
302	9302
303	9303
304	9304
305	9305
306	9306
307	9307
308	9308
309	9309
310	9310
311	9311
312	9312
313	9313
314	9314
315	9315
316	9316
317	9317
318	9318
319	9319
320	9320
321	9321
322	9322
323	9323
324	9324
325	9325
326	9326
327	9327
328	9328
329	9329
330	9330
331	9331
332	9332
333	9333
334	9334
335	9335
336	9336
337	9337
338	9338
339	9339
340	9340
341	9341
342	9342
343	9343
344	9344
345	9345
346	9346
347	9347
348	9348
349	9349
350	9350
351	9351
352	9352
353	9353
354	9354
355	9355
356	9356
357	9357
358	9358
359	9359
360	9360
361	9361
362	9362
363	9363
364	9364
365	9365
366	9366
367	9367
368	9368
369	9369
370	9370
371	9371
372	9372
373	9373
374	9374
375	9375
376	9376
377	9377
378	9378
379	9379
380	9380
381	9381
382	9382
383	9383
384	9384
385	9385
386	9386
387	9387
388	9388
389	9389
390	9390
391	9391
392	9392
393	9393
394	9394
395	9395
396	9396
397	9397
398	9398
399	9399
400	9400
401	9401
402	9402
403	9403
404	9404
405	9405
406	9406
407	9407
408	9408
409	9409
410	9410
411	9411
412	9412
413	9413
414	9414
415	9415
416	9416
417	9417
418	9418
419	9419
420	9420
421	9421
422	9422
423	9423
424	9424
425	9425
426	9426
427	9427
428	9428
429	9429
430	9430
431	9431
432	9432
433	9433
434	9434
435	9435
436	9436
437	9437
438	9438
439	9439
440	9440
441	9441
442	9442
443	9443
444	9444
445	9445
446	9446
447	9447
448	9448
449	9449
450	9450
451	9451
452	9452
453	9453
454	9454
455	9455
456	9456
457	9457
458	9458
459	9459
460	9460
461	9461
462	9462
463	9463
464	9464
465	9465
466	9466
467	9467
468	9468
469	9469
470	9470
471	9471
472	9472
473	9473
474	9474
475	9475
476	9476
477	9477
478	9478
479	9479
480	9480
481	9481
482	9482
483	9483
484	9484
485	9485
486	9486
487	9487
488	9488
489	9489
490	9490
491	9491
492	9492
493	9493
494	9494
495	9495
496	9496
497	9497
498	9498
499	9499
500	9500
501	9501
502	9502
503	9503
504	9504
505	9505
506	9506
507	9507
508	9508
509	9509
510	9510
511	9511
512	9512
513	9513
514	9514
515	9515
516	9516
517	9517
518	9518
519	9519
520	9520
521	9521
522	9522
523	9523
524	9524
525	9525
526	9526
527	9527
528	9528
529	9529
530	9530
531	9531
532	9532
533	9533
534	9534
535	9535
536	9536
537	9537
538	9538
539	9539
540	9540
541	9541
542	9542
543	9543
544	9544
545	9545
546	9546
547	9547
548	9548
549	9549
550	9550
551	9551
552	9552
553	9553
554	9554
555	9555
556	9556
557	9557
558	9558
559	9559
560	9560
561	9561
562	9562
563	9563
564	9564
565	9565
566	9566
567	9567
568	9568
569	9569
570	9570
571	9571
572	9572
573	9573
574	9574
575	9575
576	9576
577	9577
578	9578
579	9579
580	9580
581	9581
582	9582
583	9583
584	9584
585	9585
586	9586
587	9587
588	9588
589	9589
590	9590
591	9591
592	9592
593	9593
594	9594
595	9595
596	9596
597	9597
598	9598
599	9599
600	9600
601	9601
602	9602
603	9603
604	9604
605	9605
606	9606
607	9607
608	9608
609	9609
610	9610
611	9611
612	9612
613	9613
614	9614
615	9615
616	9616
617	9617
618	9618
619	9619
620	9620
621	9621
622	9622
623	9623
624	9624
625	9625
626	9626
627	9627
628	9628
629	9629
630	9630
631	9631
632	9632
633	9633
634	9634
635	9635
636	9636
637	9637
638	9638
639	9639
640	9640
641	9641
642	9642
643	9643
644	9644
645	9645
646	9646
647	9647
648	9648
649	9649
650	9650
651	9651
652	9652
653	9653
654	9654
655	9655
656	9656
657	9657
658	9658
659	9659
660	9660
661	9661
662	9662
663	9663
664	9664
665	9665
666	9666
667	9667
668	9668
669	9669
670	9670
671	9671
672	9672
673	9673
674	9674
675	9675
676	9676
677	9677
678	9678
679	9679
680	9680
681	9681
682	9682
683	9683
684	9684
685	9685
686	9686
687	9687
688	9688
689	9689
690	9690
691	9691
692	9692
693	9693
694	9694
695	9695
696	9696
697	9697
698	9698
699	9699
700	9700
701	9701
702	9702
703	9703
704	9704
705	9705
706	9706
707	9707
708	9708
709	9709
710	9710
711	9711
712	9712
713	9713
714	9714
715	9715
716	9716
717	9717
718	9718
719	9719
720	9720
721	9721
722	9722
723	9723
724	9724
725	9725
726	9726
727	9727
728	9728
729	9729
730	9730
731	9731
732	9732
733	9733
734	9734
735	9735
736	9736
737	9737
738	9738
739	9739
740	9740
741	9741
742	9742
743	9743
744	9744
745	9745
746	9746
747	9747
748	9748
749	9749
750	9750
751	9751
752	9752
753	9753
754	9754
755	9755
756	9756
757	9757
758	9758
759	9759
760	9760
761	9761
762	9762
763	9763
764	9764
765	9765
766	9766
767	9767
768	9768
769	9769
770	9770
771	9771
772	9772
773	9773
774	9774
775	9775
776	9776
777	9777
778	9778
779	9779
780	9780
781	9781
782	9782
783	9783
784	9784
785	9785
786	9786
787	9787
788	9788
789	9789
790	9790
791	9791
792	9792
793	9793
794	9794
795	9795
796	9796
797	9797
798	9798
799	9799
800	9800
801	9801
802	9802
803	9803
804	9804
805	9805
806	9806
807	9807
808	9808
809	9809
810	9810
811	9811
812	9812
813	9813
814	9814
815	9815
816	9816
817	9817
818	9818
819	9819
820	9820
821	9821
822	9822
823	9823
824	9824
825	9825
826	9826
827	9827
828	9828
829	9829
830	9830
831	9831
832	9832
833	9833
834	9834
835	9835
836	9836
837	9837
838	9838
839	9839
840	9840
841	9841
842	9842
843	9843
844	9844
845	9845
846	9846
847	9847
848	9848
849	9849
850	9850
851	9851
852	9852
853	9853
854	9854
855	9855
856	9856
857	9857
858	9858
859	9859
860	9860
861	9861
862	9862
863	9863
864	9864
865	9865
866	9866
867	9867
868	9868
869	9869
870	9870
871	9871
872	9872
873	9873
874	9874
875	9875
876	9876
877	9877
878	9878
879	9879
880	9880
881	9881
882	9882
883	9883
884	9884
885	9885
886	9886
887	9887
888	9888
889	9889
890	9890
891	9891
892	9892
893	9893
894	9894
895	9895
896	9896
897	9897
898	9898
899	9899
900	9900
901	9901
902	9902
903	9903
904	9904
905	9905
906	9906
907	9907
908	9908
909	9909
910	9910
911	9911
912	9912
913	9913
914	9914
915	9915
916	9916
917	9917
918	9918
919	9919
920	9920
921	9921
922	9922
923	9923
924	9924
925	9925
926	9926
927	9927
928	9928
929	9929
930	9930
931	9931
932	9932
933	9933
934	9934
935	9935
936	9936
937	9937
938	9938
939	9939
940	9940
941	9941
942	9942
943	9943
944	9944
945	9945
946	9946
947	9947
948	9948
949	9949
950	9950
951	9951
952	9952
953	9953
954	9954
955	9955
956	9956
957	9957
958	9958
959	9959
960	9960
961	9961
962	9962
963	9963
964	9964
965	9965
966	9966
967	9967
968	9968
969	9969
970	9970
971	9971
972	9972
973	9973
974	9974
975	9975
976	9976
977	9977
978	9978
979	9979
980	9980
981	9981
982	9982
983	9983
984	9984
985	9985
986	9986
987	9987
988	9988
989	9989
990	9990
991	9991
992	9992
993	9993
994	9994
995	9995
996	9996
997	9997
998	9998
999	9999
1000	10000
1001	10001
1002	10002
1003	10003
1004	10004
1005	10005
1006	10006
1007	10007
1008	10008
1009	10009
1010	10010
1011	10011
1012	10012
1013	10013
1014	10014
1015	10015
1016	10016
1017	10017
1018	10018
1019	10019
1020	10020
1021	10021
1022	10022
1023	10023
1024	10024
1025	10025
1026	10026
1027	10027
1028	10028
1029	10029
1030	10030
1031	10031
1032	10032
1033	10033
1034	10034
1035	10035
1036	10036
1037	10037
1038	10038
1039	10039
1040	10040
1041	10041
1042	10042
1043	10043
1044	10044
1045	10045
1046	10046
1047	10047
1048	10048
1049	10049
1050	10050
1051	10051
1052	10052
1053	10053
1054	10054
1055	10055
1056	10056
1057	10057
1058	10058
1059	10059
1060	10060
1061	10061
1062	10062
1063	10063
1064	10064
1065	10065
1066	10066
1067	10067
1068	10068
1069	10069
1070	10070
1071	10071
1072	10072
1073	10073
1074	10074
1075	10075
1076	10076
1077	10077
1078	10078
1079	10079
1080	10080
1081	10081
1082	10082
1083	10083
1084	10084
1085	10085
1086	10086
1087	10087
1088	10088
1089	10089
1090	10090
1091	10091
1092	10092
1093	10093
1094	10094
1095	10095
1096	10096
1097	10097
1098	10098
1099	10099
1100	10100
1101	10101
1102	10102
1103	10103
1104	10104
1105	10105
1106	10106
1107	10107
1108	10108
1109	10109
1110	10110
1111	10111
1112	10112
1113	10113
1114	10114
1115	10115
1116	10116
1117	10117
1118	10118
1119	10119
1120	10120
1121	10121
1122	10122
1123	10123
1124	10124
1125	10125
1126	10126
1127	10127
1128	10128
1129	10129
1130	10130
1131	10131
1132	10132
1133	10133
1134	10134
1135	10135
1136	10136
1137	10137
1138	10138
1139	10139
1140	10140
1141	10141
1142	10142
1143	10143
1144	10144
1145	10145
1146	10146
1147	10147
1148	10148
1149	10149
1150	10150
1151	10151
1152	10152
1153	10153
1154	10154
1155	10155
1156	10156
1157	10157
1158	10158
1159	10159
1160	10160
1161	10161
1162	10162
1163	10163
1164	10164
1165	10165
1166	10166
1167	10167
1168	10168
1169	10169
1170	10170
1171	10171
1172	10172
1173	10173
1174	10174
1175	10175
1176	10176
1177	10177
1178	10178
1179	10179
1180	10180
1181	10181
1182	10182
1183	10183
1184	10184
1185	10185
1186	10186
1187	10187
1188	10188
1189	10189
1190	10190
1191	10191
1192	10192
1193	10193
1194	10194
1195	10195
1196	10196
1197	10197
1198	10198
1199	10199
1200	10200
1201	10201
1202	10202
1203	10203
1204	10204
1205	10205
1206	10206
1207	10207
1208	10208
1209	10209
1210	10210
1211	10211
1212	10212
1213	10213
1214	10214
1215	10215
1216	10216
1217	10217
1218	10218
1219	10219
1220	10220
1221	10221
1222	10222
1223	10223
1224	10224
1225	10225
1226	10226
1227	10227
1228	10228
1229	10229
1230	10230
1231	10231
1232	10232
1233	10233
1234	10234
1235	10235
1236	10236
1237	10237
1238	10238
1239	10239
1240	10240
1241	10241
1242	10242
1243	10243
1244	10244
1245	10245
1246	10246
1247	10247
1248	10248
1249	10249
1250	10250
1251	10251
1252	10252
1253	10253
1254	10254
1255	10255
1256	10256
1257	10257
1258	10258
1259	10259
1260	10260
1261	10261
1262	10262
1263	10263
1264	10264
1265	10265
1266	10266
1267	10267
1268	10268
1269	10269
1270	10270
1271	10271
1272	10272
1273	10273
1274	10274
1275	10275
1276	10276
1277	10277
1278	10278
1279	10279
1280	10280
1281	10281
1282	10282
1283	10283
1284	10284
1285	10285
1286	10286
1287	10287
1288	10288
1289	10289
1290	10290
1291	10291
1292	10292
1293	10293
1294	10294
1295	10295
1296	10296
1297	10297
1298	10298
1299	10299
1300	10300
1301	10301
1302	10302
1303	10303
1304	10304
1305	10305
1306	10306
1307	10307
1308	10308
1309	10309
1310	10310
1311	10311
1312	10312
1313	10313
1314	10314
1315	10315
1316	10316
1317	10317
1318	10318
1319	10319
1320	10320
1321	10321
1322	10322
1323	10323
1324	10324
1325	10325
1326	10326
1327	10327
1328	10328
1329	10329
1330	10330
1331	10331
1332	10332
1333	10333
1334	10334
1335	10335
1336	10336
1337	10337
1338	10338
1339	10339
1340	10340
1341	10341
1342	10342
1343	10343
1344	10344
1345	10345
1346	10346
1347	10347
1348	10348
1349	10349
1350	10350
1351	10351
1352	10352
1353	10353
1354	10354
1355	10355
1356	10356
1357	10357
1358	10358
1359	10359
1360	10360
1361	10361
1362	10362
1363	10363
1364	10364
1365	10365
1366	10366
1367	10367
1368	10368
1369	10369
1370	10370
1371	10371
1372	10372
1373	10373
1374	10374
1375	10375
1376	10376
1377	10377
1378	10378
1379	10379
1380	10380
1381	10381
1382	10382
1383	10383
1384	10384
1385	10385
1386	10386
1387	10387
1388	10388
1389	10389
1390	10390
1391	10391
1392	10392
1393	10393
1394	10394
1395	10395
1396	10396
1397	10397
1398	10398
1399	10399
1400	10400
1401	10401
1402	10402
1403	10403
1404	10404
1405	10405
1406	10406
1407	10407
1408	10408
1409	10409
1410	10410
1411	10411
1412	10412
1413	10413
1414	10414
1415	10415
1416	10416
1417	10417
1418	10418
1419	10419
1420	10420
1421	10421
1422	10422
1423	10423
1424	10424
1425	10425
1426	10426
1427	10427
1428	10428
1429	10429
1430	10430
1431	10431
1432	10432
1433	10433
1434	10434
1435	10435
1436	10436
1437	10437
1438	10438
1439	10439
1440	10440
1441	10441
1442	10442
1443	10443
1444	10444
1445	10445
1446	10446
1447	10447
1448	10448
1449	10449
1450	10450
1451	10451
1452	10452
1453	10453
1454	10454
1455	10455
1456	10456
1457	10457
1458	10458
1459	10459
1460	10460
1461	10461
1462	10462
1463	10463
1464	10464
1465	10465
1466	10466
1467	10467
1468	10468
1469	10469
1470	10470
1471	10471
1472	10472
1473	10473
1474	10474
1475	10475
1476	10476
1477	10477
1478	10478
1479	10479
1480	10480
1481	10481
1482	10482
1483	10483
1484	10484
1485	10485
1486	10486
1487	10487
1488	10488
1489	10489
1490	10490
1491	10491
1492	10492
1493	10493
1494	10494
1495	10495
1496	10496
1497	10497
1498	10498
1499	10499
1500	10500
1501	10501
1502	10502
1503	10503
1504	10504
1505	10505
1506	10506
1507	10507
1508	10508
1509	10509
1510	10510
1511	10511
1512	10512
1513	10513
1514	10514
1515	10515
1516	10516
1517	10517
1518	10518
1519	10519
1520	10520
1521	10521
1522	10522
1523	10523
1524	10524
1525	10525
1526	10526
1527	10527
1528	10528
1529	10529
1530	10530
1531	10531
1532	10532
1533	10533
1534	10534
1535	10535
1536	10536
1537	10537
1538	10538
1539	10539
1540	10540
1541	10541
1542	10542
1543	10543
1544	10544
1545	10545
1546	10546
1547	10547
1548	10548
1549	10549
1550	10550
1551	10551
1552	10552
1553	10553
1554	10554
1555	10555
1556	10556
1557	10557
1558	10558
1559	10559
1560	10560
1561	10561
1562	10562
1563	10563
1564	10564
1565	10565
1566	10566
1567	10567
1568	10568
1569	10569
1570	10570
1571	10571
1572	10572
1573	10573
1574	10574
1575	10575
1576	10576
1577	10577
1578	10578
1579	10579
1580	10580
1581	10581
1582	10582
1583	10583
1584	10584
1585	10585
1586	10586
1587	10587
1588	10588
1589	10589
1590	10590
1591	10591
1592	10592
1593	10593
1594	10594
1595	10595
1596	10596
1597	10597
1598	10598
1599	10599
1600	10600
1601	10601
1602	10602
1603	10603
1604	10604
1605	10605
1606	10606
1607	10607
1608	10608
1609	10609
1610	10610
1611	10611
1612	10612
1613	10613
1614	10614
1615	10615
1616	10616
1617	10617
1618	10618
1619	10619
1620	10620
1621	10621
1622	10622
1623	10623
1624	10624
1625	10625
1626	10626
1627	10627
1628	10628
1629	10629
1630	10630
1631	10631
1632	10632
1633	10633
1634	10634
1635	10635
1636	10636
1637	10637
1638	10638
1639	10639
1640	10640
1641	10641
1642	10642
1643	10643
1644	10644
1645	10645
1646	10646
1647	10647
1648	10648
1649	10649
1650	10650
1651	10651
1652	10652
1653	10653
1654	10654
1655	10655
1656	10656
1657	10657
1658	10658
1659	10659
1660	10660
1661	10661
1662	10662
1663	10663
1664	10664
1665	10665
1666	10666
1667	10667
1668	10668
1669	10669
1670	10670
1671	10671
1672	10672
1673	10673
1674	10674
1675	10675
1676	10676
1677	10677
1678	10678
1679	10679
1680	10680
1681	10681
1682	10682
1683	10683
1684	10684
1685	10685
1686	10686
1687	10687
1688	10688
1689	10689
1690	10690
1691	10691
1692	10692
1693	10693
1694	10694
1695	10695
1696	10696
1697	10697
1698	10698
1699	10699
1700	10700
1701	10701
1702	10702
1703	10703
1704	10704
1705	10705
1706	10706
1707	10707
1708	10708
1709	10709
1710	10710
1711	10711
1712	10712
1713	10713
1714	10714
1715	10715
1716	10716
1717	10717
1718	10718
1719	10719
1720	10720
1721	10721
1722	10722
1723	10723
1724	10724
1725	10725
1726	10726
1727	10727
1728	10728
1729	10729
1730	10730
1731	10731
1732	10732
1733	10733
1734	10734
1735	10735
1736	10736
1737	10737
1738	10738
1739	10739
1740	10740
1741	10741
1742	10742
1743	10743
1744	10744
1745	10745
1746	10746
1747	10747
1748	10748
1749	10749
1750	10750
1751	10751
1752	10752
1753	10753
1754	10754
1755	10755
1756	10756
1757	10757
1758	10758
1759	10759
1760	10760
1761	10761
1762	10762
1763	10763
1764	10764
1765	10765
1766	10766
1767	10767
1768	10768
1769	10769
1770	10770
1771	10771
1772	10772
1773	10773
1774	10774
1775	10775
1776	10776
1777	10777
1778	10778
1779	10779
1780	10780
1781	10781
1782	10782
1783	10783
1784	10784
1785	10785
1786	10786
1787	10787
1788	10788
1789	10789
1790	10790
1791	10791
1792	10792
1793	10793
1794	10794
1795	10795
1796	10796
1797	10797
1798	10798
1799	10799
1800	10800
1801	10801
1802	10802
1803	10803
1804	10804
1805	10805
1806	10806
1807	10807
1808	10808
1809	10809
1810	10810
1811	10811
1812	10812
1813	10813
1814	10814
1815	10815
1816	10816
1817	10817
1818	10818
1819	10819
1820	10820
1821	10821
1822	10822
1823	10823
1824	10824
1825	10825
1826	10826
1827	10827
1828	10828
1829	10829
1830	10830
1831	10831
1832	10832
1833	10833
1834	10834
1835	10835
1836	10836
1837	10837
1838	10838
1839	10839
1840	10840
1841	10841
1842	10842
1843	10843
1844	10844
1845	10845
1846	10846
1847	10847
1848	10848
1849	10849
1850	10850
1851	10851
1852	10852
1853	10853
1854	10854
1855	10855
1856	10856
1857	10857
1858	10858
1859	10859
1860	10860
1861	10861
1862	10862
1863	10863
1864	10864
1865	10865
1866	10866
1867	10867
1868	10868
1869	10869
1870	10870
1871	10871
1872	10872
1873	10873
1874	10874
1875	10875
1876	10876
1877	10877
1878	10878
1879	10879
1880	10880
1881	10881
1882	10882
1883	10883
1884	10884
1885	10885
1886	10886
1887	10887
1888	10888
1889	10889
1890	10890
1891	10891
1892	10892
1893	10893
1894	10894
1895	10895
1896	10896
1897	10897
1898	10898
1899	10899
1900	10900
1901	10901
1902	10902
1903	10903
1904	10904
1905	10905
1906	10906
1907	10907
1908	10908
1909	10909
1910	10910
1911	10911
1912	10912
1913	10913
1914	10914
1915	10915
1916	10916
1917	10917
1918	10918
1919	10919
1920	10920
1921	10921
1922	10922
1923	10923
1924	10924
1925	10925
1926	10926
1927	10927
1928	10928
1929	10929
1930	10930
1931	10931
1932	10932
1933	10933
1934	10934
1935	10935
1936	10936
1937	10937
1938	10938
1939	10939
1940	10940
1941	10941
1942	10942
1943	10943
1944	10944
1945	10945
1946	10946
1947	10947
1948	10948
1949	10949
1950	10950
1951	10951
1952	10952
1953	10953
1954	10954
1955	10955
1956	10956
1957	10957
1958	10958
1959	10959
1960	10960
1961	10961
1962	10962
1963	10963
1964	10964
1965	10965
1966	10966
1967	10967
1968	10968
1969	10969
1970	10970
1971	10971
1972	10972
1973	10973
1974	10974
1975	10975
1976	10976
1977	10977
1978	10978
1979	10979
1980	10980
1981	10981
1982	10982
1983	10983
1984	10984
1985	10985
1986	10986
1987	10987
1988	10988
1989	10989
1990	10990
1991	10991
1992	10992
1993	10993
1994	10994
1995	10995
1996	10996
1997	10997
1998	10998
1999	10999
2000	11000
2001	11001
2002	11002
2003	11003
2004	11004
2005	11005
2006	11006
2007	11007
2008	11008
2009	11009
2010	11010
2011	11011
2012	11012
2013	11013
2014	11014
2015	11015
2016	11016
2017	11017
2018	11018
2019	11019
2020	11020
2021	11021
2022	11022
2023	11023
2024	11024
2025	11025
2026	11026
2027	11027
2028	11028
2029	11029
2030	11030
2031	11031
2032	11032
2033	11033
2034	11034
2035	11035
2036	11036
2037	11037
2038	11038
2039	11039
2040	11040
2041	11041
2042	11042
2043	11043
2044	11044
2045	11045
2046	11046
2047	11047
2048	11048
2049	11049
2050	11050
2051	11051
2052	11052
2053	11053
2054	11054
2055	11055
2056	11056
2057	11057
2058	11058
2059	11059
2060	11060
2061	11061
2062	11062
2063	11063
2064	11064
2065	11065
2066	11066
2067	11067
2068	11068
2069	11069
2070	11070
2071	11071
2072	11072
2073	11073
2074	11074
2075	11075
2076	11076
2077	11077
2078	11078
2079	11079
2080	11080
2081	11081
2082	11082
2083	11083
2084	11084
2085	11085
2086	11086
2087	11087
2088	11088
2089	11089
2090	11090
2091	11091
2092	11092
2093	11093
2094	11094
2095	11095
2096	11096
2097	11097
2098	11098
2099	11099
2100	11100
2101	11101
2102	11102
2103	11103
2104	11104
2105	11105
2106	11106
2107	11107
2108	11108
2109	11109
2110	11110
2111	11111
2112	11112
2113	11113
2114	11114
2115	11115
2116	11116
2117	11117
2118	11118
2119	11119
2120	11120
2121	11121
2122	11122
2123	11123
2124	11124
2125	11125
2126	11126
2127	11127
2128	11128
2129	11129
2130	11130
2131	11131
2132	11132
2133	11133
2134	11134
2135	11135
2136	11136
2137	11137
2138	11138
2139	11139
2140	11140
2141	11141
2142	11142
2143	11143
2144	11144
2145	11145
2146	11146
2147	11147
2148	11148
2149	11149
2150	11150
2151	11151
2152	11152
2153	11153
2154	11154
2155	11155
2156	11156
2157	11157
2158	11158
2159	11159
2160	11160
2161	11161
2162	11162
2163	11163
2164	11164
2165	11165
2166	11166
2167	11167
2168	11168
2169	11169
2170	11170
2171	11171
2172	11172
2173	11173
2174	11174
2175	11175
2176	11176
2177	11177
2178	11178
2179	11179
2180	11180
2181	11181
2182	11182
2183	11183
2184	11184
2185	11185
2186	11186
2187	11187
2188	11188
2189	11189
2190	11190
2191	11191
2192	11192
2193	11193
2194	11194
2195	11195
2196	11196
2197	11197
2198	11198
2199	11199
2200	11200
2201	11201
2202	11202
2203	11203
2204	11204
2205	11205
2206	11206
2207	11207
2208	11208
2209	11209
2210	11210
2211	11211
2212	11212
2213	11213
2214	11214
2215	11215
2216	11216
2217	11217
2218	11218
2219	11219
2220	11220
2221	11221
2222	11222
2223	11223
2224	11224
2225	11225
2226	11226
2227	11227
2228	11228
2229	11229
2230	11230
2231	11231
2232	11232
2233	11233
2234	11234
2235	11235
2236	11236
2237	11237
2238	11238
2239	11239
2240	11240
2241	11241
2242	11242
2243	11243
2244	11244
2245	11245
2246	11246
2247	11247
2248	11248
2249	11249
2250	11250
2251	11251
2252	11252
2253	11253
2254	11254
2255	11255
2256	11256
2257	11257
2258	11258
2259	11259
2260	11260
2261	11261
2262	11262
2263	11263
2264	11264
2265	11265
2266	11266
2267	11267
2268	11268
2269	11269
2270	11270
2271	11271
2272	11272
2273	11273
2274	11274
2275	11275
2276	11276
2277	11277
2278	11278
2279	11279
2280	11280
2281	11281
2282	11282
2283	11283
2284	11284
2285	11285
2286	11286
2287	11287
2288	11288
2289	11289
2290	11290
2291	11291
2292	11292
2293	11293
2294	11294
2295	11295
2296	11296
2297	11297
2298	11298
2299	11299
2300	11300
2301	11301
2302	11302
2303	11303
2304	11304
2305	11305
2306	11306
2307	11307
2308	11308
2309	11309
2310	11310
2311	11311
2312	11312
2313	11313
2314	11314
2315	11315
2316	11316
2317	11317
2318	11318
2319	11319
2320	11320
2321	11321
2322	11322
2323	11323
2324	11324
2325	11325
2326	11326
2327	11327
2328	11328
2329	11329
2330	11330
2331	11331
2332	11332
2333	11333
2334	11334
2335	11335
2336	11336
2337	11337
2338	11338
2339	11339
2340	11340
2341	11341
2342	11342
2343	11343
2344	11344
2345	11345
2346	11346
2347	11347
2348	11348
2349	11349
2350	11350
2351	11351
2352	11352
2353	11353
2354	11354
2355	11355
2356	11356
2357	11357
2358	11358
2359	11359
2360	11360
2361	11361
2362	11362
2363	11363
2364	11364
2365	11365
2366	11366
2367	11367
2368	11368
2369	11369
2370	11370
2371	11371
2372	11372
2373	11373
2374	11374
2375	11375
2376	11376
2377	11377
2378	11378
2379	11379
2380	11380
2381	11381
2382	11382
2383	11383
2384	11384
2385	11385
2386	11386
2387	11387
2388	11388
2389	11389
2390	11390
2391	11391
2392	11392
2393	11393
2394	11394
2395	11395
2396	11396
2397	11397
2398	11398
2399	11399
2400	11400
2401	11401
2402	11402
2403	11403
2404	11404
2405	11405
2406	11406
2407	11407
2408	11408
2409	11409
2410	11410
2411	11411
2412	11412
2413	11413
2414	11414
2415	11415
2416	11416
2417	11417
2418	11418
2419	11419
2420	11420
2421	11421
2422	11422
2423	11423
2424	11424
2425	11425
2426	11426
2427	11427
2428	11428
2429	11429
2430	11430
2431	11431
2432	11432
2433	11433
2434	11434
2435	11435
2436	11436
2437	11437
2438	11438
2439	11439
2440	11440
2441	11441
2442	11442
2443	11443
2444	11444
2445	11445
2446	11446
2447	11447
2448	11448
2449	11449
2450	11450
2451	11451
2452	11452
2453	11453
2454	11454
2455	11455
2456	11456
2457	11457
2458	11458
2459	11459
2460	11460
2461	11461
2462	11462
2463	11463
2464	11464
2465	11465
2466	11466
2467	11467
2468	11468
2469	11469
2470	11470
2471	11471
2472	11472
2473	11473
2474	11474
2475	11475
2476	11476
2477	11477
2478	11478
2479	11479
2480	11480
2481	11481
2482	11482
2483	11483
2484	11484
2485	11485
2486	11486
2487	11487
2488	11488
2489	11489
2490	11490
2491	11491
2492	11492
2493	11493
2494	11494
2495	11495
2496	11496
2497	11497
2498	11498
2499	11499
2500	11500
2501	11501
2502	11502
2503	11503
2504	11504
2505	11505
2506	11506
2507	11507
2508	11508
2509	11509
2510	11510
2511	11511
2512	11512
2513	11513
2514	11514
2515	11515
2516	11516
2517	11517
2518	11518
2519	11519
2520	11520
2521	11521
2522	11522
2523	11523
2524	11524
2525	11525
2526	11526
2527	11527
2528	11528
2529	11529
2530	11530
2531	11531
2532	11532
2533	11533
2534	11534
2535	11535
2536	11536
2537	11537
2538	11538
2539	11539
2540	11540
2541	11541
2542	11542
2543	11543
2544	11544
2545	11545
2546	11546
2547	11547
2548	11548
2549	11549
2550	11550
2551	11551
2552	11552
2553	11553
2554	11554
2555	11555
2556	11556
2557	11557
2558	11558
2559	11559
2560	11560
2561	11561
2562	11562
2563	11563
2564	11564
2565	11565
2566	11566
2567	11567
2568	11568
2569	11569
2570	11570
2571	11571
2572	11572
2573	11573
2574	11574
2575	11575
2576	11576
2577	11577
2578	11578
2579	11579
2580	11580
2581	11581
2582	11582
2583	11583
2584	11584
2585	11585
2586	11586
2587	11587
2588	11588
2589	11589
2590	11590
2591	11591
2592	11592
2593	11593
2594	11594
2595	11595
2596	11596
2597	11597
2598	11598
2599	11599
2600	11600
2601	11601
2602	11602
2603	11603
2604	11604
2605	11605
2606	11606
2607	11607
2608	11608
2609	11609
2610	11610
2611	11611
2612	11612
2613	11613
2614	11614
2615	11615
2616	11616
2617	11617
2618	11618
2619	11619
2620	11620
2621	11621
2622	11622
2623	11623
2624	11624
2625	11625
2626	11626
2627	11627
2628	11628
2629	11629
2630	11630
2631	11631
2632	11632
2633	11633
2634	11634
2635	11635
2636	11636
2637	11637
2638	11638
2639	11639
2640	11640
2641	11641
2642	11642
2643	11643
2644	11644
2645	11645
2646	11646
2647	11647
2648	11648
2649	11649
2650	11650
2651	11651
2652	11652
2653	11653
2654	11654
2655	11655
2656	11656
2657	11657
2658	11658
2659	11659
2660	11660
2661	11661
2662	11662
2663	11663
2664	11664
2665	11665
2666	11666
2667	11667
2668	11668
2669	11669
2670	11670
2671	11671
2672	11672
2673	11673
2674	11674
2675	11675
2676	11676
2677	11677
2678	11678
2679	11679
2680	11680
2681	11681
2682	11682
2683	11683
2684	11684
2685	11685
2686	11686
2687	11687
2688	11688
2689	11689
2690	11690
2691	11691
2692	11692
2693	11693
2694	11694
2695	11695
2696	11696
2697	11697
2698	11698
2699	11699
2700	11700
2701	11701
2702	11702
2703	11703
2704	11704
2705	11705
2706	11706
2707	11707
2708	11708
2709	11709
2710	11710
2711	11711
2712	11712
2713	11713
2714	11714
2715	11715
2716	11716
2717	11717
2718	11718
2719	11719
2720	11720
2721	11721
2722	11722
2723	11723
2724	11724
2725	11725
2726	11726
2727	11727
2728	11728
2729	11729
2730	11730
2731	11731
2732	11732
2733	11733
2734	11734
2735	11735
2736	11736
2737	11737
2738	11738
2739	11739
2740	11740
2741	11741
2742	11742
2743	11743
2744	11744
2745	11745
2746	11746
2747	11747
2748	11748
2749	11749
2750	11750
2751	11751
2752	11752
2753	11753
2754	11754
2755	11755
2756	11756
2757	11757
2758	11758
2759	11759
2760	11760
2761	11761
2762	11762
2763	11763
2764	11764
2765	11765
2766	11766
2767	11767
2768	11768
2769	11769
2770	11770
2771	11771
2772	11772
2773	11773
2774	11774
2775	11775
2776	11776
2777	11777
2778	11778
2779	11779
2780	11780
2781	11781
2782	11782
2783	11783
2784	11784
2785	11785
2786	11786
2787	11787
2788	11788
2789	11789
2790	11790
2791	11791
2792	11792
2793	11793
2794	11794
2795	11795
2796	11796
2797	11797
2798	11798
2799	11799
2800	11800
2801	11801
2802	11802
2803	11803
2804	11804
2805	11805
2806	11806
2807	11807
2808	11808
2809	11809
2810	11810
2811	11811
2812	11812
2813	11813
2814	11814
2815	11815
2816	11816
2817	11817
2818	11818
2819	11819
2820	11820
2821	11821
2822	11822
2823	11823
2824	11824
2825	11825
2826	11826
2827	11827
2828	11828
2829	11829
2830	11830
2831	11831
2832	11832
2833	11833
2834	11834
2835	11835
2836	11836
2837	11837
2838	11838
2839	11839
2840	11840
2841	11841
2842	11842
2843	11843
2844	11844
2845	11845
2846	11846
2847	11847
2848	11848
2849	11849
2850	11850
2851	11851
2852	11852
2853	11853
2854	11854
2855	11855
2856	11856
2857	11857
2858	11858
2859	11859
2860	11860
2861	11861
2862	11862
2863	11863
2864	11864
2865	11865
2866	11866
2867	11867
2868	11868
2869	11869
2870	11870
2871	11871
2872	11872
2873	11873
2874	11874
2875	11875
2876	11876
2877	11877
2878	11878
2879	11879
2880	11880
2881	11881
2882	11882
2883	11883
2884	11884
2885	11885
2886	11886
2887	11887
2888	11888
2889	11889
2890	11890
2891	11891
2892	11892
2893	11893
2894	11894
2895	11895
2896	11896
2897	11897
2898	11898
2899	11899
2900	11900
2901	11901
2902	11902
2903	11903
2904	11904
2905	11905
2906	11906
2907	11907
2908	11908
2909	11909
2910	11910
2911	11911
2912	11912
2913	11913
2914	11914
2915	11915
2916	11916
2917	11917
2918	11918
2919	11919
2920	11920
2921	11921
2922	11922
2923	11923
2924	11924
2925	11925
2926	11926
2927	11927
2928	11928
2929	11929
2930	11930
2931	11931
2932	11932
2933	11933
2934	11934
2935	11935
2936	11936
2937	11937
2938	11938
2939	11939
2940	11940
2941	11941
2942	11942
2943	11943
2944	11944
2945	11945
2946	11946
2947	11947
2948	11948
2949	11949
2950	11950
2951	11951
2952	11952
2953	11953
2954	11954
2955	11955
2956	11956
2957	11957
2958	11958
2959	11959
2960	11960
2961	11961
2962	11962
2963	11963
2964	11964
2965	11965
2966	11966
2967	11967
2968	11968
2969	11969
2970	11970
2971	11971
2972	11972
2973	11973
2974	11974
2975	11975
2976	11976
2977	11977
2978	11978
2979	11979
2980	11980
2981	11981
2982	11982
2983	11983
2984	11984
2985	11985
2986	11986
2987	11987
2988	11988
2989	11989
2990	11990
2991	11991
2992	11992
2993	11993
2994	11994
2995	11995
2996	11996
2997	11997
2998	11998
2999	11999
3000	12000
3001	12001
3002	12002
3003	12003
3004	12004
3005	12005
3006	12006
3007	12007
3008	12008
3009	12009
3010	12010
3011	12011
3012	12012
3013	12013
3014	12014
3015	12015
3016	12016
3017	12017
3018	12018
3019	12019
3020	12020
3021	12021
3022	12022
3023	12023
3024	12024
3025	12025
3026	12026
3027	12027
3028	12028
3029	12029
3030	12030
3031	12031
3032	12032
3033	12033
3034	12034
3035	12035
3036	12036
3037	12037
3038	12038
3039	12039
3040	12040
3041	12041
3042	12042
3043	12043
3044	12044
3045	12045
3046	12046
3047	12047
3048	12048
3049	12049
3050	12050
3051	12051
3052	12052
3053	12053
3054	12054
3055	12055
3056	12056
3057	12057
3058	12058
3059	12059
3060	12060
3061	12061
3062	12062
3063	12063
3064	12064
3065	12065
3066	12066
3067	12067
3068	12068
3069	12069
3070	12070
3071	12071
3072	12072
3073	12073
3074	12074
3075	12075
3076	12076
3077	12077
3078	12078
3079	12079
3080	12080
3081	12081
3082	12082
3083	12083
3084	12084
3085	12085
3086	12086
3087	12087
3088	12088
3089	12089
3090	12090
3091	12091
3092	12092
3093	12093
3094	12094
3095	12095
3096	12096
3097	12097
3098	12098
3099	12099
3100	12100
3101	12101
3102	12102
3103	12103
3104	12104
3105	12105
3106	12106
3107	12107
3108	12108
3109	12109
3110	12110
3111	12111
3112	12112
3113	12113
3114	12114
3115	12115
3116	12116
3117	12117
3118	12118
3119	12119
3120	12120
3121	12121
3122	12122
3123	12123
3124	12124
3125	12125
3126	12126
3127	12127
3128	12128
3129	12129
3130	12130
3131	12131
3132	12132
3133	12133
3134	12134
3135	12135
3136	12136
3137	12137
3138	12138
3139	12139
3140	12140
3141	12141
3142	12142
3143	12143
3144	12144
3145	12145
3146	12146
3147	12147
3148	12148
3149	12149
3150	12150
3151	12151
3152	12152
3153	12153
3154	12154
3155	12155
3156	12156
3157	12157
3158	12158
3159	12159
3160	12160
3161	12161
3162	12162
3163	12163
3164	12164
3165	12165
3166	12166
3167	12167
3168	12168
3169	12169
3170	12170
3171	12171
3172	12172
3173	12173
3174	12174
3175	12175
3176	12176
3177	12177
3178	12178
3179	12179
3180	12180
3181	12181
3182	12182
3183	12183
3184	12184
3185	12185
3186	12186
3187	12187
3188	12188
3189	12189
3190	12190
3191	12191
3192	12192
3193	12193
3194	12194
3195	12195
3196	12196
3197	12197
3198	12198
3199	12199
3200	12200
3201	12201
3202	12202
3203	12203
3204	12204
3205	12205
3206	12206
3207	12207
3208	12208
3209	12209
3210	12210
3211	12211
3212	12212
3213	12213
3214	12214
3215	12215
3216	12216
3217	12217
3218	12218
3219	12219
3220	12220
3221	12221
3222	12222
3223	12223
3224	12224
3225	12225
3226	12226
3227	12227
3228	12228
3229	12229
3230	12230
3231	12231
3232	12232
3233	12233
3234	12234
3235	12235
3236	12236
3237	12237
3238	12238
3239	12239
3240	12240
3241	12241
3242	12242
3243	12243
3244	12244
3245	12245
3246	12246
3247	12247
3248	12248
3249	12249
3250	12250
3251	12251
3252	12252
3253	12253
3254	12254
3255	12255
3256	12256
3257	12257
3258	12258
3259	12259
3260	12260
3261	12261
3262	12262
3263	12263
3264	12264
3265	12265
3266	12266
3267	12267
3268	12268
3269	12269
3270	12270
3271	12271
3272	12272
3273	12273
3274	12274
3275	12275
3276	12276
3277	12277
3278	12278
3279	12279
3280	12280
3281	12281
3282	12282
3283	12283
3284	12284
3285	12285
3286	12286
3287	12287
3288	12288
3289	12289
3290	12290
3291	12291
3292	12292
3293	12293
3294	12294
3295	12295
3296	12296
3297	12297
3298	12298
3299	12299
3300	12300
3301	12301
3302	12302
3303	12303
3304	12304
3305	12305
3306	12306
3307	12307
3308	12308
3309	12309
3310	12310
3311	12311
3312	12312
3313	12313
3314	12314
3315	12315
3316	12316
3317	12317
3318	12318
3319	12319
3320	12320
3321	12321
3322	12322
3323	12323
3324	12324
3325	12325
3326	12326
3327	12327
3328	12328
3329	12329
3330	12330
3331	12331
3332	12332
3333	12333
3334	12334
3335	12335
3336	12336
3337	12337
3338	12338
3339	12339
3340	12340
3341	12341
3342	12342
3343	12343
3344	12344
3345	12345
3346	12346
3347	12347
3348	12348
3349	12349
3350	12350
3351	12351
3352	12352
3353	12353
3354	12354
3355	12355
3356	12356
3357	12357
3358	12358
3359	12359
3360	12360
3361	12361
3362	12362
3363	12363
3364	12364
3365	12365
3366	12366
3367	12367
3368	12368
3369	12369
3370	12370
3371	12371
3372	12372
3373	12373
3374	12374
3375	12375
3376	12376
3377	12377
3378	12378
3379	12379
3380	12380
3381	12381
3382	12382
3383	12383
3384	12384
3385	12385
3386	12386
3387	12387
3388	12388
3389	12389
3390	12390
3391	12391
3392	12392
3393	12393
3394	12394
3395	12395
3396	12396
3397	12397
3398	12398
3399	12399
3400	12400
3401	12401
3402	12402
3403	12403
3404	12404
3405	12405
3406	12406
3407	12407
3408	12408
3409	12409
3410	12410
3411	12411
3412	12412
3413	12413
3414	12414
3415	12415
3416	12416
3417	12417
3418	12418
3419	12419
3420	12420
3421	12421
3422	12422
3423	12423
3424	12424
3425	12425
3426	12426
3427	12427
3428	12428
3429	12429
3430	12430
3431	12431
3432	12432
3433	12433
3434	12434
3435	12435
3436	12436
3437	12437
3438	12438
3439	12439
3440	12440
3441	12441
3442	12442
3443	12443
3444	12444
3445	12445
3446	12446
3447	12447
3448	12448
3449	12449
3450	12450
3451	12451
3452	12452
3453	12453
3454	12454
3455	12455
3456	12456
3457	12457
3458	12458
3459	12459
3460	12460
3461	12461
3462	12462
3463	12463
3464	12464
3465	12465
3466	12466
3467	12467
3468	12468
3469	12469
3470	12470
3471	12471
3472	12472
3473	12473
3474	12474
3475	12475
3476	12476
3477	12477
3478	12478
3479	12479
3480	12480
3481	12481
3482	12482
3483	12483
3484	12484
3485	12485
3486	12486
3487	12487
3488	12488
3489	12489
3490	12490
3491	12491
3492	12492
3493	12493
3494	12494
3495	12495
3496	12496
3497	12497
3498	12498
3499	12499
3500	12500
3501	12501
3502	12502
3503	12503
3504	12504
3505	12505
3506	12506
3507	12507
3508	12508
3509	12509
3510	12510
3511	12511
3512	12512
3513	12513
3514	12514
3515	12515
3516	12516
3517	12517
3518	12518
3519	12519
3520	12520
3521	12521
3522	12522
3523	12523
3524	12524
3525	12525
3526	12526
3527	12527
3528	12528
3529	12529
3530	12530
3531	12531
3532	12532
3533	12533
3534	12534
3535	12535
3536	12536
3537	12537
3538	12538
3539	12539
3540	12540
3541	12541
3542	12542
3543	12543
3544	12544
3545	12545
3546	12546
3547	12547
3548	12548
3549	12549
3550	12550
3551	12551
3552	12552
3553	12553
3554	12554
3555	12555
3556	12556
3557	12557
3558	12558
3559	12559
3560	12560
3561	12561
3562	12562
3563	12563
3564	12564
3565	12565
3566	12566
3567	12567
3568	12568
3569	12569
3570	12570
3571	12571
3572	12572
3573	12573
3574	12574
3575	12575
3576	12576
3577	12577
3578	12578
3579	12579
3580	12580
3581	12581
3582	12582
3583	12583
3584	12584
3585	12585
3586	12586
3587	12587
3588	12588
3589	12589
3590	12590
3591	12591
3592	12592
3593	12593
3594	12594
3595	12595
3596	12596
3597	12597
3598	12598
3599	12599
3600	12600
3601	12601
3602	12602
3603	12603
3604	12604
3605	12605
3606	12606
3607	12607
3608	12608
3609	12609
3610	12610
3611	12611
3612	12612
3613	12613
3614	12614
3615	12615
3616	12616
3617	12617
3618	12618
3619	12619
3620	12620
3621	12621
3622	12622
3623	12623
3624	12624
3625	12625
3626	12626
3627	12627
3628	12628
3629	12629
3630	12630
3631	12631
3632	12632
3633	12633
3634	12634
3635	12635
3636	12636
3637	12637
3638	12638
3639	12639
3640	12640
3641	12641
3642	12642
3643	12643
3644	12644
3645	12645
3646	12646
3647	12647
3648	12648
3649	12649
3650	12650
3651	12651
3652	12652
3653	12653
3654	12654
3655	12655
3656	12656
3657	12657
3658	12658
3659	12659
3660	12660
3661	12661
3662	12662
3663	12663
3664	12664
3665	12665
3666	12666
3667	12667
3668	12668
3669	12669
3670	12670
3671	12671
3672	12672
3673	12673
3674	12674
3675	12675
3676	12676
3677	12677
3678	12678
3679	12679
3680	12680
3681	12681
3682	12682
3683	12683
3684	12684
3685	12685
3686	12686
3687	12687
3688	12688
3689	12689
3690	12690
3691	12691
3692	12692
3693	12693
3694	12694
3695	12695
3696	12696
3697	12697
3698	12698
3699	12699
3700	12700
3701	12701
3702	12702
3703	12703
3704	12704
3705	12705
3706	12706
3707	12707
3708	12708
3709	12709
3710	12710
3711	12711
3712	12712
3713	12713
3714	12714
3715	12715
3716	12716
3717	12717
3718	12718
3719	12719
3720	12720
3721	12721
3722	12722
3723	12723
3724	12724
3725	12725
3726	12726
3727	12727
3728	12728
3729	12729
3730	12730
3731	12731
3732	12732
3733	12733
3734	12734
3735	12735
3736	12736
3737	12737
3738	12738
3739	12739
3740	12740
3741	12741
3742	12742
3743	12743
3744	12744
3745	12745
3746	12746
3747	12747
3748	12748
3749	12749
3750	12750
3751	12751
3752	12752
3753	12753
3754	12754
3755	12755
3756	12756
3757	12757
3758	12758
3759	12759
3760	12760
3761	12761
3762	12762
3763	12763
3764	12764
3765	12765
3766	12766
3767	12767
3768	12768
3769	12769
3770	12770
3771	12771
3772	12772
3773	12773
3774	12774
3775	12775
3776	12776
3777	12777
3778	12778
3779	12779
3780	12780
3781	12781
3782	12782
3783	12783
3784	12784
3785	12785
3786	12786
3787	12787
3788	12788
3789	12789
3790	12790
3791	12791
3792	12792
3793	12793
3794	12794
3795	12795
3796	12796
3797	12797
3798	12798
3799	12799
3800	12800
3801	12801
3802	12802
3803	12803
3804	12804
3805	12805
3806	12806
3807	12807
3808	12808
3809	12809
3810	12810
3811	12811
3812	12812
3813	12813
3814	12814
3815	12815
3816	12816
3817	12817
3818	12818
3819	12819
3820	12820
3821	12821
3822	12822
3823	12823
3824	12824
3825	12825
3826	12826
3827	12827
3828	12828
3829	12829
3830	12830
3831	12831
3832	12832
3833	12833
3834	12834
3835	12835
3836	12836
3837	12837
3838	12838
3839	12839
3840	12840
3841	12841
3842	12842
3843	12843
3844	12844
3845	12845
3846	12846
3847	12847
3848	12848
3849	12849
3850	12850
3851	12851
3852	12852
3853	12853
3854	12854
3855	12855
3856	12856
3857	12857
3858	12858
3859	12859
3860	12860
3861	12861
3862	12862
3863	12863
3864	12864
3865	12865
3866	12866
3867	12867
3868	12868
3869	12869
3870	12870
3871	12871
3872	12872
3873	12873
3874	12874
3875	12875
3876	12876
3877	12877
3878	12878
3879	12879
3880	12880
3881	12881
3882	12882
3883	12883
3884	12884
3885	12885
3886	12886
3887	12887
3888	12888
3889	12889
3890	12890
3891	12891
3892	12892
3893	12893
3894	12894
3895	12895
3896	12896
3897	12897
3898	12898
3899	12899
3900	12900
3901	12901
3902	12902
3903	12903
3904	12904
3905	12905
3906	12906
3907	12907
3908	12908
3909	12909
3910	12910
3911	12911
3912	12912
3913	12913
3914	12914
3915	12915
3916	12916
3917	12917
3918	12918
3919	12919
3920	12920
3921	12921
3922	12922
3923	12923
3924	12924
3925	12925
3926	12926
3927	12927
3928	12928
3929	12929
3930	12930
3931	12931
3932	12932
3933	12933
3934	12934
3935	12935
3936	12936
3937	12937
3938	12938
3939	12939
3940	12940
3941	12941
3942	12942
3943	12943
3944	12944
3945	12945
3946	12946
3947	12947
3948	12948
3949	12949
3950	12950
3951	12951
3952	12952
3953	12953
3954	12954
3955	12955
3956	12956
3957	12957
3958	12958
3959	12959
3960	12960
3961	12961
3962	12962
3963	12963
3964	12964
3965	12965
3966	12966
3967	12967
3968	12968
3969	12969
3970	12970
3971	12971
3972	12972
3973	12973
3974	12974
3975	12975
3976	12976
3977	12977
3978	12978
3979	12979
3980	12980
3981	12981
3982	12982
3983	12983
3984	12984
3985	12985
3986	12986
3987	12987
3988	12988
3989	12989
3990	12990
3991	12991
3992	12992
3993	12993
3994	12994
3995	12995
3996	12996
3997	12997
3998	12998
3999	12999
4000	13000
4001	13001
4002	13002
4003	13003
4004	13004
4005	13005
4006	13006
4007	13007
4008	13008
4009	13009
4010	13010
4011	13011
4012	13012
4013	13013
4014	13014
4015	13015
4016	13016
4017	13017
4018	13018
4019	13019
4020	13020
4021	13021
4022	13022
4023	13023
4024	13024
4025	13025
4026	13026
4027	13027
4028	13028
4029	13029
4030	13030
4031	13031
4032	13032
4033	13033
4034	13034
4035	13035
4036	13036
4037	13037
4038	13038
4039	13039
4040	13040
4041	13041
4042	13042
4043	13043
4044	13044
4045	13045
4046	13046
4047	13047
4048	13048
4049	13049
4050	13050
4051	13051
4052	13052
4053	13053
4054	13054
4055	13055
4056	13056
4057	13057
4058	13058
4059	13059
4060	13060
4061	13061
4062	13062
4063	13063
4064	13064
4065	13065
4066	13066
4067	13067
4068	13068
4069	13069
4070	13070
4071	13071
4072	13072
4073	13073
4074	13074
4075	13075
4076	13076
4077	13077
4078	13078
4079	13079
4080	13080
4081	13081
4082	13082
4083	13083
4084	13084
4085	13085
4086	13086
4087	13087
4088	13088
4089	13089
4090	13090
4091	13091
4092	13092
4093	13093
4094	13094
4095	13095
4096	13096
4097	13097
4098	13098
4099	13099
4100	13100
4101	13101
4102	13102
4103	13103
4104	13104
4105	13105
4106	13106
4107	13107
4108	13108
4109	13109
4110	13110
4111	13111
4112	13112
4113	13113
4114	13114
4115	13115
4116	13116
4117	13117
4118	13118
4119	13119
4120	13120
4121	13121
4122	13122
4123	13123
4124	13124
4125	13125
4126	13126
4127	13127
4128	13128
4129	13129
4130	13130
4131	13131
4132	13132
4133	13133
4134	13134
4135	13135
4136	13136
4137	13137
4138	13138
4139	13139
4140	13140
4141	13141
4142	13142
4143	13143
4144	13144
4145	13145
4146	13146
4147	13147
4148	13148
4149	13149
4150	13150
4151	13151
4152	13152
4153	13153
4154	13154
4155	13155
4156	13156
4157	13157
4158	13158
4159	13159
4160	13160
4161	13161
4162	13162
4163	13163
4164	13164
4165	13165
4166	13166
4167	13167
4168	13168
4169	13169
4170	13170
4171	13171
4172	13172
4173	13173
4174	13174
4175	13175
4176	13176
4177	13177
4178	13178
4179	13179
4180	13180
4181	13181
4182	13182
4183	13183
4184	13184
4185	13185
4186	13186
4187	13187
4188	13188
4189	13189
4190	13190
4191	13191
4192	13192
4193	13193
4194	13194
4195	13195
4196	13196
4197	13197
4198	13198
4199	13199
4200	13200
4201	13201
4202	13202
4203	13203
4204	13204
4205	13205
4206	13206
4207	13207
4208	13208
4209	13209
4210	13210
4211	13211
4212	13212
4213	13213
4214	13214
4215	13215
4216	13216
4217	13217
4218	13218
4219	13219
4220	13220
4221	13221
4222	13222
4223	13223
4224	13224
4225	13225
4226	13226
4227	13227
4228	13228
4229	13229
4230	13230
4231	13231
4232	13232
4233	13233
4234	13234
4235	13235
4236	13236
4237	13237
4238	13238
4239	13239
4240	13240
4241	13241
4242	13242
4243	13243
4244	13244
4245	13245
4246	13246
4247	13247
4248	13248
4249	13249
4250	13250
4251	13251
4252	13252
4253	13253
4254	13254
4255	13255
4256	13256
4257	13257
4258	13258
4259	13259
4260	13260
4261	13261
4262	13262
4263	13263
4264	13264
4265	13265
4266	13266
4267	13267
4268	13268
4269	13269
4270	13270
4271	13271
4272	13272
4273	13273
4274	13274
4275	13275
4276	13276
4277	13277
4278	13278
4279	13279
4280	13280
4281	13281
4282	13282
4283	13283
4284	13284
4285	13285
4286	13286
4287	13287
4288	13288
4289	13289
4290	13290
4291	13291
4292	13292
4293	13293
4294	13294
4295	13295
4296	13296
4297	13297
4298	13298
4299	13299
4300	13300
4301	13301
4302	13302
4303	13303
4304	13304
4305	13305
4306	13306
4307	13307
4308	13308
4309	13309
4310	13310
4311	13311
4312	13312
4313	13313
4314	13314
4315	13315
4316	13316
4317	13317
4318	13318
4319	13319
4320	13320
4321	13321
4322	13322
4323	13323
4324	13324
4325	13325
4326	13326
4327	13327
4328	13328
4329	13329
4330	13330
4331	13331
4332	13332
4333	13333
4334	13334
4335	13335
4336	13336
4337	13337
4338	13338
4339	13339
4340	13340
4341	13341
4342	13342
4343	13343
4344	13344
4345	13345
4346	13346
4347	13347
4348	13348
4349	13349
4350	13350
4351	13351
4352	13352
4353	13353
4354	13354
4355	13355
4356	13356
4357	13357
4358	13358
4359	13359
4360	13360
4361	13361
4362	13362
4363	13363
4364	13364
4365	13365
4366	13366
4367	13367
4368	13368
4369	13369
4370	13370
4371	13371
4372	13372
4373	13373
4374	13374
4375	13375
4376	13376
4377	13377
4378	13378
4379	13379
4380	13380
4381	13381
4382	13382
4383	13383
4384	13384
4385	13385
4386	13386
4387	13387
4388	13388
4389	13389
4390	13390
4391	13391
4392	13392
4393	13393
4394	13394
4395	13395
4396	13396
4397	13397
4398	13398
4399	13399
4400	13400
4401	13401
4402	13402
4403	13403
4404	13404
4405	13405
4406	13406
4407	13407
4408	13408
4409	13409
4410	13410
4411	13411
4412	13412
4413	13413
4414	13414
4415	13415
4416	13416
4417	13417
4418	13418
4419	13419
4420	13420
4421	13421
4422	13422
4423	13423
4424	13424
4425	13425
4426	13426
4427	13427
4428	13428
4429	13429
4430	13430
4431	13431
4432	13432
4433	13433
4434	13434
4435	13435
4436	13436
4437	13437
4438	13438
4439	13439
4440	13440
4441	13441
4442	13442
4443	13443
4444	13444
4445	13445
4446	13446
4447	13447
4448	13448
4449	13449
4450	13450
4451	13451
4452	13452
4453	13453
4454	13454
4455	13455
4456	13456
4457	13457
4458	13458
4459	13459
4460	13460
4461	13461
4462	13462
4463	13463
4464	13464
4465	13465
4466	13466
4467	13467
4468	13468
4469	13469
4470	13470
4471	13471
4472	13472
4473	13473
4474	13474
4475	13475
4476	13476
4477	13477
4478	13478
4479	13479
4480	13480
4481	13481
4482	13482
4483	13483
4484	13484
4485	13485
4486	13486
4487	13487
4488	13488
4489	13489
4490	13490
4491	13491
4492	13492
4493	13493
4494	13494
4495	13495
4496	13496
4497	13497
4498	13498
4499	13499
4500	13500
4501	13501
4502	13502
4503	13503
4504	13504
4505	13505
4506	13506
4507	13507
4508	13508
4509	13509
4510	13510
4511	13511
4512	13512
4513	13513
4514	13514
4515	13515
4516	13516
4517	13517
4518	13518
4519	13519
4520	13520
4521	13521
4522	13522
4523	13523
4524	13524
4525	13525
4526	13526
4527	13527
4528	13528
4529	13529
4530	13530
4531	13531
4532	13532
4533	13533
4534	13534
4535	13535
4536	13536
4537	13537
4538	13538
4539	13539
4540	13540
4541	13541
4542	13542
4543	13543
4544	13544
4545	13545
4546	13546
4547	13547
4548	13548
4549	13549
4550	13550
4551	13551
4552	13552
4553	13553
4554	13554
4555	13555
4556	13556
4557	13557
4558	13558
4559	13559
4560	13560
4561	13561
4562	13562
4563	13563
4564	13564
4565	13565
4566	13566
4567	13567
4568	13568
4569	13569
4570	13570
4571	13571
4572	13572
4573	13573
4574	13574
4575	13575
4576	13576
4577	13577
4578	13578
4579	13579
4580	13580
4581	13581
4582	13582
4583	13583
4584	13584
4585	13585
4586	13586
4587	13587
4588	13588
4589	13589
4590	13590
4591	13591
4592	13592
4593	13593
4594	13594
4595	13595
4596	13596
4597	13597
4598	13598
4599	13599
4600	13600
4601	13601
4602	13602
4603	13603
4604	13604
4605	13605
4606	13606
4607	13607
4608	13608
4609	13609
4610	13610
4611	13611
4612	13612
4613	13613
4614	13614
4615	13615
4616	13616
4617	13617
4618	13618
4619	13619
4620	13620
4621	13621
4622	13622
4623	13623
4624	13624
4625	13625
4626	13626
4627	13627
4628	13628
4629	13629
4630	13630
4631	13631
4632	13632
4633	13633
4634	13634
4635	13635
4636	13636
4637	13637
4638	13638
4639	13639
4640	13640
4641	13641
4642	13642
4643	13643
4644	13644
4645	13645
4646	13646
4647	13647
4648	13648
4649	13649
4650	13650
4651	13651
4652	13652
4653	13653
4654	13654
4655	13655
4656	13656
4657	13657
4658	13658
4659	13659
4660	13660
4661	13661
4662	13662
4663	13663
4664	13664
4665	13665
4666	13666
4667	13667
4668	13668
4669	13669
4670	13670
4671	13671
4672	13672
4673	13673
4674	13674
4675	13675
4676	13676
4677	13677
4678	13678
4679	13679
4680	13680
4681	13681
4682	13682
4683	13683
4684	13684
4685	13685
4686	13686
4687	13687
4688	13688
4689	13689
4690	13690
4691	13691
4692	13692
4693	13693
4694	13694
4695	13695
4696	13696
4697	13697
4698	13698
4699	13699
4700	13700
4701	13701
4702	13702
4703	13703
4704	13704
4705	13705
4706	13706
4707	13707
4708	13708
4709	13709
4710	13710
4711	13711
4712	13712
4713	13713
4714	13714
4715	13715
4716	13716
4717	13717
4718	13718
4719	13719
4720	13720
4721	13721
4722	13722
4723	13723
4724	13724
4725	13725
4726	13726
4727	13727
4728	13728
4729	13729
4730	13730
4731	13731
4732	13732
4733	13733
4734	13734
4735	13735
4736	13736
4737	13737
4738	13738
4739	13739
4740	13740
4741	13741
4742	13742
4743	13743
4744	13744
4745	13745
4746	13746
4747	13747
4748	13748
4749	13749
4750	13750
4751	13751
4752	13752
4753	13753
4754	13754
4755	13755
4756	13756
4757	13757
4758	13758
4759	13759
4760	13760
4761	13761
4762	13762
4763	13763
4764	13764
4765	13765
4766	13766
4767	13767
4768	13768
4769	13769
4770	13770
4771	13771
4772	13772
4773	13773
4774	13774
4775	13775
4776	13776
4777	13777
4778	13778
4779	13779
4780	13780
4781	13781
4782	13782
4783	13783
4784	13784
4785	13785
4786	13786
4787	13787
4788	13788
4789	13789
4790	13790
4791	13791
4792	13792
4793	13793
4794	13794
4795	13795
4796	13796
4797	13797
4798	13798
4799	13799
4800	13800
4801	13801
4802	13802
4803	13803
4804	13804
4805	13805
4806	13806
4807	13807
4808	13808
4809	13809
4810	13810
4811	13811
4812	13812
4813	13813
4814	13814
4815	13815
4816	13816
4817	13817
4818	13818
4819	13819
4820	13820
4821	13821
4822	13822
4823	13823
4824	13824
4825	13825
4826	13826
4827	13827
4828	13828
4829	13829
4830	13830
4831	13831
4832	13832
4833	13833
4834	13834
4835	13835
4836	13836
4837	13837
4838	13838
4839	13839
4840	13840
4841	13841
4842	13842
4843	13843
4844	13844
4845	13845
4846	13846
4847	13847
4848	13848
4849	13849
4850	13850
4851	13851
4852	13852
4853	13853
4854	13854
4855	13855
4856	13856
4857	13857
4858	13858
4859	13859
4860	13860
4861	13861
4862	13862
4863	13863
4864	13864
4865	13865
4866	13866
4867	13867
4868	13868
4869	13869
4870	13870
4871	13871
4872	13872
4873	13873
4874	13874
4875	13875
4876	13876
4877	13877
4878	13878
4879	13879
4880	13880
4881	13881
4882	13882
4883	13883
4884	13884
4885	13885
4886	13886
4887	13887
4888	13888
4889	13889
4890	13890
4891	13891
4892	13892
4893	13893
4894	13894
4895	13895
4896	13896
4897	13897
4898	13898
4899	13899
4900	13900
4901	13901
4902	13902
4903	13903
4904	13904
4905	13905
4906	13906
4907	13907
4908	13908
4909	13909
4910	13910
4911	13911
4912	13912
4913	13913
4914	13914
4915	13915
4916	13916
4917	13917
4918	13918
4919	13919
4920	13920
4921	13921
4922	13922
4923	13923
4924	13924
4925	13925
4926	13926
4927	13927
4928	13928
4929	13929
4930	13930
4931	13931
4932	13932
4933	13933
4934	13934
4935	13935
4936	13936
4937	13937
4938	13938
4939	13939
4940	13940
4941	13941
4942	13942
4943	13943
4944	13944
4945	13945
4946	13946
4947	13947
4948	13948
4949	13949
4950	13950
4951	13951
4952	13952
4953	13953
4954	13954
4955	13955
4956	13956
4957	13957
4958	13958
4959	13959
4960	13960
4961	13961
4962	13962
4963	13963
4964	13964
4965	13965
4966	13966
4967	13967
4968	13968
4969	13969
4970	13970
4971	13971
4972	13972
4973	13973
4974	13974
4975	13975
4976	13976
4977	13977
4978	13978
4979	13979
4980	13980
4981	13981
4982	13982
4983	13983
4984	13984
4985	13985
4986	13986
4987	13987
4988	13988
4989	13989
4990	13990
4991	13991
4992	13992
4993	13993
4994	13994
4995	13995
4996	13996
4997	13997
4998	13998
4999	13999
5000	14000
5001	14001
5002	14002
5003	14003
5004	14004
5005	14005
5006	14006
5007	14007
5008	14008
5009	14009
5010	14010
5011	14011
5012	14012
5013	14013
5014	14014
5015	14015
5016	14016
5017	14017
5018	14018
5019	14019
5020	14020
5021	14021
5022	14022
5023	14023
5024	14024
5025	14025
5026	14026
5027	14027
5028	14028
5029	14029
5030	14030
5031	14031
5032	14032
5033	14033
5034	14034
5035	14035
5036	14036
5037	14037
5038	14038
5039	14039
5040	14040
5041	14041
5042	14042
5043	14043
5044	14044
5045	14045
5046	14046
5047	14047
5048	14048
5049	14049
5050	14050
5051	14051
5052	14052
5053	14053
5054	14054
5055	14055
5056	14056
5057	14057
5058	14058
5059	14059
5060	14060
5061	14061
5062	14062
5063	14063
5064	14064
5065	14065
5066	14066
5067	14067
5068	14068
5069	14069
5070	14070
5071	14071
5072	14072
5073	14073
5074	14074
5075	14075
5076	14076
5077	14077
5078	14078
5079	14079
5080	14080
5081	14081
5082	14082
5083	14083
5084	14084
5085	14085
5086	14086
5087	14087
5088	14088
5089	14089
5090	14090
5091	14091
5092	14092
5093	14093
5094	14094
5095	14095
5096	14096
5097	14097
5098	14098
5099	14099
5100	14100
5101	14101
5102	14102
5103	14103
5104	14104
5105	14105
5106	14106
5107	14107
5108	14108
5109	14109
5110	14110
5111	14111
5112	14112
5113	14113
5114	14114
5115	14115
5116	14116
5117	14117
5118	14118
5119	14119
5120	14120
5121	14121
5122	14122
5123	14123
5124	14124
5125	14125
5126	14126
5127	14127
5128	14128
5129	14129
5130	14130
5131	14131
5132	14132
5133	14133
5134	14134
5135	14135
5136	14136
5137	14137
5138	14138
5139	14139
5140	14140
5141	14141
5142	14142
5143	14143
5144	14144
5145	14145
5146	14146
5147	14147
5148	14148
5149	14149
5150	14150
5151	14151
5152	14152
5153	14153
5154	14154
5155	14155
5156	14156
5157	14157
5158	14158
5159	14159
5160	14160
5161	14161
5162	14162
5163	14163
5164	14164
5165	14165
5166	14166
5167	14167
5168	14168
5169	14169
5170	14170
5171	14171
5172	14172
5173	14173
5174	14174
5175	14175
5176	14176
5177	14177
5178	14178
5179	14179
5180	14180
5181	14181
5182	14182
5183	14183
5184	14184
5185	14185
5186	14186
5187	14187
5188	14188
5189	14189
5190	14190
5191	14191
5192	14192
5193	14193
5194	14194
5195	14195
5196	14196
5197	14197
5198	14198
5199	14199
5200	14200
5201	14201
5202	14202
5203	14203
5204	14204
5205	14205
5206	14206
5207	14207
5208	14208
5209	14209
5210	14210
5211	14211
5212	14212
5213	14213
5214	14214
5215	14215
5216	14216
5217	14217
5218	14218
5219	14219
5220	14220
5221	14221
5222	14222
5223	14223
5224	14224
5225	14225
5226	14226
5227	14227
5228	14228
5229	14229
5230	14230
5231	14231
5232	14232
5233	14233
5234	14234
5235	14235
5236	14236
5237	14237
5238	14238
5239	14239
5240	14240
5241	14241
5242	14242
5243	14243
5244	14244
5245	14245
5246	14246
5247	14247
5248	14248
5249	14249
5250	14250
5251	14251
5252	14252
5253	14253
5254	14254
5255	14255
5256	14256
5257	14257
5258	14258
5259	14259
5260	14260
5261	14261
5262	14262
5263	14263
5264	14264
5265	14265
5266	14266
5267	14267
5268	14268
5269	14269
5270	14270
5271	14271
5272	14272
5273	14273
5274	14274
5275	14275
5276	14276
5277	14277
5278	14278
5279	14279
5280	14280
5281	14281
5282	14282
5283	14283
5284	14284
5285	14285
5286	14286
5287	14287
5288	14288
5289	14289
5290	14290
5291	14291
5292	14292
5293	14293
5294	14294
5295	14295
5296	14296
5297	14297
5298	14298
5299	14299
5300	14300
5301	14301
5302	14302
5303	14303
5304	14304
5305	14305
5306	14306
5307	14307
5308	14308
5309	14309
5310	14310
5311	14311
5312	14312
5313	14313
5314	14314
5315	14315
5316	14316
5317	14317
5318	14318
5319	14319
5320	14320
5321	14321
5322	14322
5323	14323
5324	14324
5325	14325
5326	14326
5327	14327
5328	14328
5329	14329
5330	14330
5331	14331
5332	14332
5333	14333
5334	14334
5335	14335
5336	14336
5337	14337
5338	14338
5339	14339
5340	14340
5341	14341
5342	14342
5343	14343
5344	14344
5345	14345
5346	14346
5347	14347
5348	14348
5349	14349
5350	14350
5351	14351
5352	14352
5353	14353
5354	14354
5355	14355
5356	14356
5357	14357
5358	14358
5359	14359
5360	14360
5361	14361
5362	14362
5363	14363
5364	14364
5365	14365
5366	14366
5367	14367
5368	14368
5369	14369
5370	14370
5371	14371
5372	14372
5373	14373
5374	14374
5375	14375
5376	14376
5377	14377
5378	14378
5379	14379
5380	14380
5381	14381
5382	14382
5383	14383
5384	14384
5385	14385
5386	14386
5387	14387
5388	14388
5389	14389
5390	14390
5391	14391
5392	14392
5393	14393
5394	14394
5395	14395
5396	14396
5397	14397
5398	14398
5399	14399
5400	14400
5401	14401
5402	14402
5403	14403
5404	14404
5405	14405
5406	14406
5407	14407
5408	14408
5409	14409
5410	14410
5411	14411
5412	14412
5413	14413
5414	14414
5415	14415
5416	14416
5417	14417
5418	14418
5419	14419
5420	14420
5421	14421
5422	14422
5423	14423
5424	14424
5425	14425
5426	14426
5427	14427
5428	14428
5429	14429
5430	14430
5431	14431
5432	14432
5433	14433
5434	14434
5435	14435
5436	14436
5437	14437
5438	14438
5439	14439
5440	14440
5441	14441
5442	14442
5443	14443
5444	14444
5445	14445
5446	14446
5447	14447
5448	14448
5449	14449
5450	14450
5451	14451
5452	14452
5453	14453
5454	14454
5455	14455
5456	14456
5457	14457
5458	14458
5459	14459
5460	14460
5461	14461
5462	14462
5463	14463
5464	14464
5465	14465
5466	14466
5467	14467
5468	14468
5469	14469
5470	14470
5471	14471
5472	14472
5473	14473
5474	14474
5475	14475
5476	14476
5477	14477
5478	14478
5479	14479
5480	14480
5481	14481
5482	14482
5483	14483
5484	14484
5485	14485
5486	14486
5487	14487
5488	14488
5489	14489
5490	14490
5491	14491
5492	14492
5493	14493
5494	14494
5495	14495
5496	14496
5497	14497
5498	14498
5499	14499
5500	14500
5501	14501
5502	14502
5503	14503
5504	14504
5505	14505
5506	14506
5507	14507
5508	14508
5509	14509
5510	14510
5511	14511
5512	14512
5513	14513
5514	14514
5515	14515
5516	14516
5517	14517
5518	14518
5519	14519
5520	14520
5521	14521
5522	14522
5523	14523
5524	14524
5525	14525
5526	14526
5527	14527
5528	14528
5529	14529
5530	14530
5531	14531
5532	14532
5533	14533
5534	14534
5535	14535
5536	14536
5537	14537
5538	14538
5539	14539
5540	14540
5541	14541
5542	14542
5543	14543
5544	14544
5545	14545
5546	14546
5547	14547
5548	14548
5549	14549
5550	14550
5551	14551
5552	14552
5553	14553
5554	14554
5555	14555
5556	14556
5557	14557
5558	14558
5559	14559
5560	14560
5561	14561
5562	14562
5563	14563
5564	14564
5565	14565
5566	14566
5567	14567
5568	14568
5569	14569
5570	14570
5571	14571
5572	14572
5573	14573
5574	14574
5575	14575
5576	14576
5577	14577
5578	14578
5579	14579
5580	14580
5581	14581
5582	14582
5583	14583
5584	14584
5585	14585
5586	14586
5587	14587
5588	14588
5589	14589
5590	14590
5591	14591
5592	14592
5593	14593
5594	14594
5595	14595
5596	14596
5597	14597
5598	14598
5599	14599
5600	14600
5601	14601
5602	14602
5603	14603
5604	14604
5605	14605
5606	14606
5607	14607
5608	14608
5609	14609
5610	14610
5611	14611
5612	14612
5613	14613
5614	14614
5615	14615
5616	14616
5617	14617
5618	14618
5619	14619
5620	14620
5621	14621
5622	14622
5623	14623
5624	14624
5625	14625
5626	14626
5627	14627
5628	14628
5629	14629
5630	14630
5631	14631
5632	14632
5633	14633
5634	14634
5635	14635
5636	14636
5637	14637
5638	14638
5639	14639
5640	14640
5641	14641
5642	14642
5643	14643
5644	14644
5645	14645
5646	14646
5647	14647
5648	14648
5649	14649
5650	14650
5651	14651
5652	14652
5653	14653
5654	14654
5655	14655
5656	14656
5657	14657
5658	14658
5659	14659
5660	14660
5661	14661
5662	14662
5663	14663
5664	14664
5665	14665
5666	14666
5667	14667
5668	14668
5669	14669
5670	14670
5671	14671
5672	14672
5673	14673
5674	14674
5675	14675
5676	14676
5677	14677
5678	14678
5679	14679
5680	14680
5681	14681
5682	14682
5683	14683
5684	14684
5685	14685
5686	14686
5687	14687
5688	14688
5689	14689
5690	14690
5691	14691
5692	14692
5693	14693
5694	14694
5695	14695
5696	14696
5697	14697
5698	14698
5699	14699
5700	14700
5701	14701
5702	14702
5703	14703
5704	14704
5705	14705
5706	14706
5707	14707
5708	14708
5709	14709
5710	14710
5711	14711
5712	14712
5713	14713
5714	14714
5715	14715
5716	14716
5717	14717
5718	14718
5719	14719
5720	14720
5721	14721
5722	14722
5723	14723
5724	14724
5725	14725
5726	14726
5727	14727
5728	14728
5729	14729
5730	14730
5731	14731
5732	14732
5733	14733
5734	14734
5735	14735
5736	14736
5737	14737
5738	14738
5739	14739
5740	14740
5741	14741
5742	14742
5743	14743
5744	14744
5745	14745
5746	14746
5747	14747
5748	14748
5749	14749
5750	14750
5751	14751
5752	14752
5753	14753
5754	14754
5755	14755
5756	14756
5757	14757
5758	14758
5759	14759
5760	14760
5761	14761
5762	14762
5763	14763
5764	14764
5765	14765
5766	14766
5767	14767
5768	14768
5769	14769
5770	14770
5771	14771
5772	14772
5773	14773
5774	14774
5775	14775
5776	14776
5777	14777
5778	14778
5779	14779
5780	14780
5781	14781
5782	14782
5783	14783
5784	14784
5785	14785
5786	14786
5787	14787
5788	14788
5789	14789
5790	14790
5791	14791
5792	14792
5793	14793
5794	14794
5795	14795
5796	14796
5797	14797
5798	14798
5799	14799
5800	14800
5801	14801
5802	14802
5803	14803
5804	14804
5805	14805
5806	14806
5807	14807
5808	14808
5809	14809
5810	14810
5811	14811
5812	14812
5813	14813
5814	14814
5815	14815
5816	14816
5817	14817
5818	14818
5819	14819
5820	14820
5821	14821
5822	14822
5823	14823
5824	14824
5825	14825
5826	14826
5827	14827
5828	14828
5829	14829
5830	14830
5831	14831
5832	14832
5833	14833
5834	14834
5835	14835
5836	14836
5837	14837
5838	14838
5839	14839
5840	14840
5841	14841
5842	14842
5843	14843
5844	14844
5845	14845
5846	14846
5847	14847
5848	14848
5849	14849
5850	14850
5851	14851
5852	14852
5853	14853
5854	14854
5855	14855
5856	14856
5857	14857
5858	14858
5859	14859
5860	14860
5861	14861
5862	14862
5863	14863
5864	14864
5865	14865
5866	14866
5867	14867
5868	14868
5869	14869
5870	14870
5871	14871
5872	14872
5873	14873
5874	14874
5875	14875
5876	14876
5877	14877
5878	14878
5879	14879
5880	14880
5881	14881
5882	14882
5883	14883
5884	14884
5885	14885
5886	14886
5887	14887
5888	14888
5889	14889
5890	14890
5891	14891
5892	14892
5893	14893
5894	14894
5895	14895
5896	14896
5897	14897
5898	14898
5899	14899
5900	14900
5901	14901
5902	14902
5903	14903
5904	14904
5905	14905
5906	14906
5907	14907
5908	14908
5909	14909
5910	14910
5911	14911
5912	14912
5913	14913
5914	14914
5915	14915
5916	14916
5917	14917
5918	14918
5919	14919
5920	14920
5921	14921
5922	14922
5923	14923
5924	14924
5925	14925
5926	14926
5927	14927
5928	14928
5929	14929
5930	14930
5931	14931
5932	14932
5933	14933
5934	14934
5935	14935
5936	14936
5937	14937
5938	14938
5939	14939
5940	14940
5941	14941
5942	14942
5943	14943
5944	14944
5945	14945
5946	14946
5947	14947
5948	14948
5949	14949
5950	14950
5951	14951
5952	14952
5953	14953
5954	14954
5955	14955
5956	14956
5957	14957
5958	14958
5959	14959
5960	14960
5961	14961
5962	14962
5963	14963
5964	14964
5965	14965
5966	14966
5967	14967
5968	14968
5969	14969
5970	14970
5971	14971
5972	14972
5973	14973
5974	14974
5975	14975
5976	14976
5977	14977
5978	14978
5979	14979
5980	14980
5981	14981
5982	14982
5983	14983
5984	14984
5985	14985
5986	14986
5987	14987
5988	14988
5989	14989
5990	14990
5991	14991
5992	14992
5993	14993
5994	14994
5995	14995
5996	14996
5997	14997
5998	14998
5999	14999
6000	15000
6001	15001
6002	15002
6003	15003
6004	15004
6005	15005
6006	15006
6007	15007
6008	15008
6009	15009
6010	15010
6011	15011
6012	15012
6013	15013
6014	15014
6015	15015
6016	15016
6017	15017
6018	15018
6019	15019
6020	15020
6021	15021
6022	15022
6023	15023
6024	15024
6025	15025
6026	15026
6027	15027
6028	15028
6029	15029
6030	15030
6031	15031
6032	15032
6033	15033
6034	15034
6035	15035
6036	15036
6037	15037
6038	15038
6039	15039
6040	15040
6041	15041
6042	15042
6043	15043
6044	15044
6045	15045
6046	15046
6047	15047
6048	15048
6049	15049
6050	15050
6051	15051
6052	15052
6053	15053
6054	15054
6055	15055
6056	15056
6057	15057
6058	15058
6059	15059
6060	15060
6061	15061
6062	15062
6063	15063
6064	15064
6065	15065
6066	15066
6067	15067
6068	15068
6069	15069
6070	15070
6071	15071
6072	15072
6073	15073
6074	15074
6075	15075
6076	15076
6077	15077
6078	15078
6079	15079
6080	15080
6081	15081
6082	15082
6083	15083
6084	15084
6085	15085
6086	15086
6087	15087
6088	15088
6089	15089
6090	15090
6091	15091
6092	15092
6093	15093
6094	15094
6095	15095
6096	15096
6097	15097
6098	15098
6099	15099
6100	15100
6101	15101
6102	15102
6103	15103
6104	15104
6105	15105
6106	15106
6107	15107
6108	15108
6109	15109
6110	15110
6111	15111
6112	15112
6113	15113
6114	15114
6115	15115
6116	15116
6117	15117
6118	15118
6119	15119
6120	15120
6121	15121
6122	15122
6123	15123
6124	15124
6125	15125
6126	15126
6127	15127
6128	15128
6129	15129
6130	15130
6131	15131
6132	15132
6133	15133
6134	15134
6135	15135
6136	15136
6137	15137
6138	15138
6139	15139
6140	15140
6141	15141
6142	15142
6143	15143
6144	15144
6145	15145
6146	15146
6147	15147
6148	15148
6149	15149
6150	15150
6151	15151
6152	15152
6153	15153
6154	15154
6155	15155
6156	15156
6157	15157
6158	15158
6159	15159
6160	15160
6161	15161
6162	15162
6163	15163
6164	15164
6165	15165
6166	15166
6167	15167
6168	15168
6169	15169
6170	15170
6171	15171
6172	15172
6173	15173
6174	15174
6175	15175
6176	15176
6177	15177
6178	15178
6179	15179
6180	15180
6181	15181
6182	15182
6183	15183
6184	15184
6185	15185
6186	15186
6187	15187
6188	15188
6189	15189
6190	15190
6191	15191
6192	15192
6193	15193
6194	15194
6195	15195
6196	15196
6197	15197
6198	15198
6199	15199
6200	15200
6201	15201
6202	15202
6203	15203
6204	15204
6205	15205
6206	15206
6207	15207
6208	15208
6209	15209
6210	15210
6211	15211
6212	15212
6213	15213
6214	15214
6215	15215
6216	15216
6217	15217
6218	15218
6219	15219
6220	15220
6221	15221
6222	15222
6223	15223
6224	15224
6225	15225
6226	15226
6227	15227
6228	15228
6229	15229
6230	15230
6231	15231
6232	15232
6233	15233
6234	15234
6235	15235
6236	15236
6237	15237
6238	15238
6239	15239
6240	15240
6241	15241
6242	15242
6243	15243
6244	15244
6245	15245
6246	15246
6247	15247
6248	15248
6249	15249
6250	15250
6251	15251
6252	15252
6253	15253
6254	15254
6255	15255
6256	15256
6257	15257
6258	15258
6259	15259
6260	15260
6261	15261
6262	15262
6263	15263
6264	15264
6265	15265
6266	15266
6267	15267
6268	15268
6269	15269
6270	15270
6271	15271
6272	15272
6273	15273
6274	15274
6275	15275
6276	15276
6277	15277
6278	15278
6279	15279
6280	15280
6281	15281
6282	15282
6283	15283
6284	15284
6285	15285
6286	15286
6287	15287
6288	15288
6289	15289
6290	15290
6291	15291
6292	15292
6293	15293
6294	15294
6295	15295
6296	15296
6297	15297
6298	15298
6299	15299
6300	15300
6301	15301
6302	15302
6303	15303
6304	15304
6305	15305
6306	15306
6307	15307
6308	15308
6309	15309
6310	15310
6311	15311
6312	15312
6313	15313
6314	15314
6315	15315
6316	15316
6317	15317
6318	15318
6319	15319
6320	15320
6321	15321
6322	15322
6323	15323
6324	15324
6325	15325
6326	15326
6327	15327
6328	15328
6329	15329
6330	15330
6331	15331
6332	15332
6333	15333
6334	15334
6335	15335
6336	15336
6337	15337
6338	15338
6339	15339
6340	15340
6341	15341
6342	15342
6343	15343
6344	15344
6345	15345
6346	15346
6347	15347
6348	15348
6349	15349
6350	15350
6351	15351
6352	15352
6353	15353
6354	15354
6355	15355
6356	15356
6357	15357
6358	15358
6359	15359
6360	15360
6361	15361
6362	15362
6363	15363
6364	15364
6365	15365
6366	15366
6367	15367
6368	15368
6369	15369
6370	15370
6371	15371
6372	15372
6373	15373
6374	15374
6375	15375
6376	15376
6377	15377
6378	15378
6379	15379
6380	15380
6381	15381
6382	15382
6383	15383
6384	15384
6385	15385
6386	15386
6387	15387
6388	15388
6389	15389
6390	15390
6391	15391
6392	15392
6393	15393
6394	15394
6395	15395
6396	15396
6397	15397
6398	15398
6399	15399
6400	15400
6401	15401
6402	15402
6403	15403
6404	15404
6405	15405
6406	15406
6407	15407
6408	15408
6409	15409
6410	15410
6411	15411
6412	15412
6413	15413
6414	15414
6415	15415
6416	15416
6417	15417
6418	15418
6419	15419
6420	15420
6421	15421
6422	15422
6423	15423
6424	15424
6425	15425
6426	15426
6427	15427
6428	15428
6429	15429
6430	15430
6431	15431
6432	15432
6433	15433
6434	15434
6435	15435
6436	15436
6437	15437
6438	15438
6439	15439
6440	15440
6441	15441
6442	15442
6443	15443
6444	15444
6445	15445
6446	15446
6447	15447
6448	15448
6449	15449
6450	15450
6451	15451
6452	15452
6453	15453
6454	15454
6455	15455
6456	15456
6457	15457
6458	15458
6459	15459
6460	15460
6461	15461
6462	15462
6463	15463
6464	15464
6465	15465
6466	15466
6467	15467
6468	15468
6469	15469
6470	15470
6471	15471
6472	15472
6473	15473
6474	15474
6475	15475
6476	15476
6477	15477
6478	15478
6479	15479
6480	15480
6481	15481
6482	15482
6483	15483
6484	15484
6485	15485
6486	15486
6487	15487
6488	15488
6489	15489
6490	15490
6491	15491
6492	15492
6493	15493
6494	15494
6495	15495
6496	15496
6497	15497
6498	15498
6499	15499
6500	15500
6501	15501
6502	15502
6503	15503
6504	15504
6505	15505
6506	15506
6507	15507
6508	15508
6509	15509
6510	15510
6511	15511
6512	15512
6513	15513
6514	15514
6515	15515
6516	15516
6517	15517
6518	15518
6519	15519
6520	15520
6521	15521
6522	15522
6523	15523
6524	15524
6525	15525
6526	15526
6527	15527
6528	15528
6529	15529
6530	15530
6531	15531
6532	15532
6533	15533
6534	15534
6535	15535
6536	15536
6537	15537
6538	15538
6539	15539
6540	15540
6541	15541
6542	15542
6543	15543
6544	15544
6545	15545
6546	15546
6547	15547
6548	15548
6549	15549
6550	15550
6551	15551
6552	15552
6553	15553
6554	15554
6555	15555
6556	15556
6557	15557
6558	15558
6559	15559
6560	15560
6561	15561
6562	15562
6563	15563
6564	15564
6565	15565
6566	15566
6567	15567
6568	15568
6569	15569
6570	15570
6571	15571
6572	15572
6573	15573
6574	15574
6575	15575
6576	15576
6577	15577
6578	15578
6579	15579
6580	15580
6581	15581
6582	15582
6583	15583
6584	15584
6585	15585
6586	15586
6587	15587
6588	15588
6589	15589
6590	15590
6591	15591
6592	15592
6593	15593
6594	15594
6595	15595
6596	15596
6597	15597
6598	15598
6599	15599
6600	15600
6601	15601
6602	15602
6603	15603
6604	15604
6605	15605
6606	15606
6607	15607
6608	15608
6609	15609
6610	15610
6611	15611
6612	15612
6613	15613
6614	15614
6615	15615
6616	15616
6617	15617
6618	15618
6619	15619
6620	15620
6621	15621
6622	15622
6623	15623
6624	15624
6625	15625
6626	15626
6627	15627
6628	15628
6629	15629
6630	15630
6631	15631
6632	15632
6633	15633
6634	15634
6635	15635
6636	15636
6637	15637
6638	15638
6639	15639
6640	15640
6641	15641
6642	15642
6643	15643
6644	15644
6645	15645
6646	15646
6647	15647
6648	15648
6649	15649
6650	15650
6651	15651
6652	15652
6653	15653
6654	15654
6655	15655
6656	15656
6657	15657
6658	15658
6659	15659
6660	15660
6661	15661
6662	15662
6663	15663
6664	15664
6665	15665
6666	15666
6667	15667
6668	15668
6669	15669
6670	15670
6671	15671
6672	15672
6673	15673
6674	15674
6675	15675
6676	15676
6677	15677
6678	15678
6679	15679
6680	15680
6681	15681
6682	15682
6683	15683
6684	15684
6685	15685
6686	15686
6687	15687
6688	15688
6689	15689
6690	15690
6691	15691
6692	15692
6693	15693
6694	15694
6695	15695
6696	15696
6697	15697
6698	15698
6699	15699
6700	15700
6701	15701
6702	15702
6703	15703
6704	15704
6705	15705
6706	15706
6707	15707
6708	15708
6709	15709
6710	15710
6711	15711
6712	15712
6713	15713
6714	15714
6715	15715
6716	15716
6717	15717
6718	15718
6719	15719
6720	15720
6721	15721
6722	15722
6723	15723
6724	15724
6725	15725
6726	15726
6727	15727
6728	15728
6729	15729
6730	15730
6731	15731
6732	15732
6733	15733
6734	15734
6735	15735
6736	15736
6737	15737
6738	15738
6739	15739
6740	15740
6741	15741
6742	15742
6743	15743
6744	15744
6745	15745
6746	15746
6747	15747
6748	15748
6749	15749
6750	15750
6751	15751
6752	15752
6753	15753
6754	15754
6755	15755
6756	15756
6757	15757
6758	15758
6759	15759
6760	15760
6761	15761
6762	15762
6763	15763
6764	15764
6765	15765
6766	15766
6767	15767
6768	15768
6769	15769
6770	15770
6771	15771
6772	15772
6773	15773
6774	15774
6775	15775
6776	15776
6777	15777
6778	15778
6779	15779
6780	15780
6781	15781
6782	15782
6783	15783
6784	15784
6785	15785
6786	15786
6787	15787
6788	15788
6789	15789
6790	15790
6791	15791
6792	15792
6793	15793
6794	15794
6795	15795
6796	15796
6797	15797
6798	15798
6799	15799
6800	15800
6801	15801
6802	15802
6803	15803
6804	15804
6805	15805
6806	15806
6807	15807
6808	15808
6809	15809
6810	15810
6811	15811
6812	15812
6813	15813
6814	15814
6815	15815
6816	15816
6817	15817
6818	15818
6819	15819
6820	15820
6821	15821
6822	15822
6823	15823
6824	15824
6825	15825
6826	15826
6827	15827
6828	15828
6829	15829
6830	15830
6831	15831
6832	15832
6833	15833
6834	15834
6835	15835
6836	15836
6837	15837
6838	15838
6839	15839
6840	15840
6841	15841
6842	15842
6843	15843
6844	15844
6845	15845
6846	15846
6847	15847
6848	15848
6849	15849
6850	15850
6851	15851
6852	15852
6853	15853
6854	15854
6855	15855
6856	15856
6857	15857
6858	15858
6859	15859
6860	15860
6861	15861
6862	15862
6863	15863
6864	15864
6865	15865
6866	15866
6867	15867
6868	15868
6869	15869
6870	15870
6871	15871
6872	15872
6873	15873
6874	15874
6875	15875
6876	15876
6877	15877
6878	15878
6879	15879
6880	15880
6881	15881
6882	15882
6883	15883
6884	15884
6885	15885
6886	15886
6887	15887
6888	15888
6889	15889
6890	15890
6891	15891
6892	15892
6893	15893
6894	15894
6895	15895
6896	15896
6897	15897
6898	15898
6899	15899
6900	15900
6901	15901
6902	15902
6903	15903
6904	15904
6905	15905
6906	15906
6907	15907
6908	15908
6909	15909
6910	15910
6911	15911
6912	15912
6913	15913
6914	15914
6915	15915
6916	15916
6917	15917
6918	15918
6919	15919
6920	15920
6921	15921
6922	15922
6923	15923
6924	15924
6925	15925
6926	15926
6927	15927
6928	15928
6929	15929
6930	15930
6931	15931
6932	15932
6933	15933
6934	15934
6935	15935
6936	15936
6937	15937
6938	15938
6939	15939
6940	15940
6941	15941
6942	15942
6943	15943
6944	15944
6945	15945
6946	15946
6947	15947
6948	15948
6949	15949
6950	15950
6951	15951
6952	15952
6953	15953
6954	15954
6955	15955
6956	15956
6957	15957
6958	15958
6959	15959
6960	15960
6961	15961
6962	15962
6963	15963
6964	15964
6965	15965
6966	15966
6967	15967
6968	15968
6969	15969
6970	15970
6971	15971
6972	15972
6973	15973
6974	15974
6975	15975
6976	15976
6977	15977
6978	15978
6979	15979
6980	15980
6981	15981
6982	15982
6983	15983
6984	15984
6985	15985
6986	15986
6987	15987
6988	15988
6989	15989
6990	15990
6991	15991
6992	15992
6993	15993
6994	15994
6995	15995
6996	15996
6997	15997
6998	15998
6999	15999
7000	16000
7001	16001
7002	16002
7003	16003
7004	16004
7005	16005
7006	16006
7007	16007
7008	16008
7009	16009
7010	16010
7011	16011
7012	16012
7013	16013
7014	16014
7015	16015
7016	16016
7017	16017
7018	16018
7019	16019
7020	16020
7021	16021
7022	16022
7023	16023
7024	16024
7025	16025
7026	16026
7027	16027
7028	16028
7029	16029
7030	16030
7031	16031
7032	16032
7033	16033
7034	16034
7035	16035
7036	16036
7037	16037
7038	16038
7039	16039
7040	16040
7041	16041
7042	16042
7043	16043
7044	16044
7045	16045
7046	16046
7047	16047
7048	16048
7049	16049
7050	16050
7051	16051
7052	16052
7053	16053
7054	16054
7055	16055
7056	16056
7057	16057
7058	16058
7059	16059
7060	16060
7061	16061
7062	16062
7063	16063
7064	16064
7065	16065
7066	16066
7067	16067
7068	16068
7069	16069
7070	16070
7071	16071
7072	16072
7073	16073
7074	16074
7075	16075
7076	16076
7077	16077
7078	16078
7079	16079
7080	16080
7081	16081
7082	16082
7083	16083
7084	16084
7085	16085
7086	16086
7087	16087
7088	16088
7089	16089
7090	16090
7091	16091
7092	16092
7093	16093
7094	16094
7095	16095
7096	16096
7097	16097
7098	16098
7099	16099
7100	16100
7101	16101
7102	16102
7103	16103
7104	16104
7105	16105
7106	16106
7107	16107
7108	16108
7109	16109
7110	16110
7111	16111
7112	16112
7113	16113
7114	16114
7115	16115
7116	16116
7117	16117
7118	16118
7119	16119
7120	16120
7121	16121
7122	16122
7123	16123
7124	16124
7125	16125
7126	16126
7127	16127
7128	16128
7129	16129
7130	16130
7131	16131
7132	16132
7133	16133
7134	16134
7135	16135
7136	16136
7137	16137
7138	16138
7139	16139
7140	16140
7141	16141
7142	16142
7143	16143
7144	16144
7145	16145
7146	16146
7147	16147
7148	16148
7149	16149
7150	16150
7151	16151
7152	16152
7153	16153
7154	16154
7155	16155
7156	16156
7157	16157
7158	16158
7159	16159
7160	16160
7161	16161
7162	16162
7163	16163
7164	16164
7165	16165
7166	16166
7167	16167
7168	16168
7169	16169
7170	16170
7171	16171
7172	16172
7173	16173
7174	16174
7175	16175
7176	16176
7177	16177
7178	16178
7179	16179
7180	16180
7181	16181
7182	16182
7183	16183
7184	16184
7185	16185
7186	16186
7187	16187
7188	16188
7189	16189
7190	16190
7191	16191
7192	16192
7193	16193
7194	16194
7195	16195
7196	16196
7197	16197
7198	16198
7199	16199
7200	16200
7201	16201
7202	16202
7203	16203
7204	16204
7205	16205
7206	16206
7207	16207
7208	16208
7209	16209
7210	16210
7211	16211
7212	16212
7213	16213
7214	16214
7215	16215
7216	16216
7217	16217
7218	16218
7219	16219
7220	16220
7221	16221
7222	16222
7223	16223
7224	16224
7225	16225
7226	16226
7227	16227
7228	16228
7229	16229
7230	16230
7231	16231
7232	16232
7233	16233
7234	16234
7235	16235
7236	16236
7237	16237
7238	16238
7239	16239
7240	16240
7241	16241
7242	16242
7243	16243
7244	16244
7245	16245
7246	16246
7247	16247
7248	16248
7249	16249
7250	16250
7251	16251
7252	16252
7253	16253
7254	16254
7255	16255
7256	16256
7257	16257
7258	16258
7259	16259
7260	16260
7261	16261
7262	16262
7263	16263
7264	16264
7265	16265
7266	16266
7267	16267
7268	16268
7269	16269
7270	16270
7271	16271
7272	16272
7273	16273
7274	16274
7275	16275
7276	16276
7277	16277
7278	16278
7279	16279
7280	16280
7281	16281
7282	16282
7283	16283
7284	16284
7285	16285
7286	16286
7287	16287
7288	16288
7289	16289
7290	16290
7291	16291
7292	16292
7293	16293
7294	16294
7295	16295
7296	16296
7297	16297
7298	16298
7299	16299
7300	16300
7301	16301
7302	16302
7303	16303
7304	16304
7305	16305
7306	16306
7307	16307
7308	16308
7309	16309
7310	16310
7311	16311
7312	16312
7313	16313
7314	16314
7315	16315
7316	16316
7317	16317
7318	16318
7319	16319
7320	16320
7321	16321
7322	16322
7323	16323
7324	16324
7325	16325
7326	16326
7327	16327
7328	16328
7329	16329
7330	16330
7331	16331
7332	16332
7333	16333
7334	16334
7335	16335
7336	16336
7337	16337
7338	16338
7339	16339
7340	16340
7341	16341
7342	16342
7343	16343
7344	16344
7345	16345
7346	16346
7347	16347
7348	16348
7349	16349
7350	16350
7351	16351
7352	16352
7353	16353
7354	16354
7355	16355
7356	16356
7357	16357
7358	16358
7359	16359
7360	16360
7361	16361
7362	16362
7363	16363
7364	16364
7365	16365
7366	16366
7367	16367
7368	16368
7369	16369
7370	16370
7371	16371
7372	16372
7373	16373
7374	16374
7375	16375
7376	16376
7377	16377
7378	16378
7379	16379
7380	16380
7381	16381
7382	16382
7383	16383
7384	16384
7385	16385
7386	16386
7387	16387
7388	16388
7389	16389
7390	16390
7391	16391
7392	16392
7393	16393
7394	16394
7395	16395
7396	16396
7397	16397
7398	16398
7399	16399
7400	16400
7401	16401
7402	16402
7403	16403
7404	16404
7405	16405
7406	16406
7407	16407
7408	16408
7409	16409
7410	16410
7411	16411
7412	16412
7413	16413
7414	16414
7415	16415
7416	16416
7417	16417
7418	16418
7419	16419
7420	16420
7421	16421
7422	16422
7423	16423
7424	16424
7425	16425
7426	16426
7427	16427
7428	16428
7429	16429
7430	16430
7431	16431
7432	16432
7433	16433
7434	16434
7435	16435
7436	16436
7437	16437
7438	16438
7439	16439
7440	16440
7441	16441
7442	16442
7443	16443
7444	16444
7445	16445
7446	16446
7447	16447
7448	16448
7449	16449
7450	16450
7451	16451
7452	16452
7453	16453
7454	16454
7455	16455
7456	16456
7457	16457
7458	16458
7459	16459
7460	16460
7461	16461
7462	16462
7463	16463
7464	16464
7465	16465
7466	16466
7467	16467
7468	16468
7469	16469
7470	16470
7471	16471
7472	16472
7473	16473
7474	16474
7475	16475
7476	16476
7477	16477
7478	16478
7479	16479
7480	16480
7481	16481
7482	16482
7483	16483
7484	16484
7485	16485
7486	16486
7487	16487
7488	16488
7489	16489
7490	16490
7491	16491
7492	16492
7493	16493
7494	16494
7495	16495
7496	16496
7497	16497
7498	16498
7499	16499
7500	16500
7501	16501
7502	16502
7503	16503
7504	16504
7505	16505
7506	16506
7507	16507
7508	16508
7509	16509
7510	16510
7511	16511
7512	16512
7513	16513
7514	16514
7515	16515
7516	16516
7517	16517
7518	16518
7519	16519
7520	16520
7521	16521
7522	16522
7523	16523
7524	16524
7525	16525
7526	16526
7527	16527
7528	16528
7529	16529
7530	16530
7531	16531
7532	16532
7533	16533
7534	16534
7535	16535
7536	16536
7537	16537
7538	16538
7539	16539
7540	16540
7541	16541
7542	16542
7543	16543
7544	16544
7545	16545
7546	16546
7547	16547
7548	16548
7549	16549
7550	16550
7551	16551
7552	16552
7553	16553
7554	16554
7555	16555
7556	16556
7557	16557
7558	16558
7559	16559
7560	16560
7561	16561
7562	16562
7563	16563
7564	16564
7565	16565
7566	16566
7567	16567
7568	16568
7569	16569
7570	16570
7571	16571
7572	16572
7573	16573
7574	16574
7575	16575
7576	16576
7577	16577
7578	16578
7579	16579
7580	16580
7581	16581
7582	16582
7583	16583
7584	16584
7585	16585
7586	16586
7587	16587
7588	16588
7589	16589
7590	16590
7591	16591
7592	16592
7593	16593
7594	16594
7595	16595
7596	16596
7597	16597
7598	16598
7599	16599
7600	16600
7601	16601
7602	16602
7603	16603
7604	16604
7605	16605
7606	16606
7607	16607
7608	16608
7609	16609
7610	16610
7611	16611
7612	16612
7613	16613
7614	16614
7615	16615
7616	16616
7617	16617
7618	16618
7619	16619
7620	16620
7621	16621
7622	16622
7623	16623
7624	16624
7625	16625
7626	16626
7627	16627
7628	16628
7629	16629
7630	16630
7631	16631
7632	16632
7633	16633
7634	16634
7635	16635
7636	16636
7637	16637
7638	16638
7639	16639
7640	16640
7641	16641
7642	16642
7643	16643
7644	16644
7645	16645
7646	16646
7647	16647
7648	16648
7649	16649
7650	16650
7651	16651
7652	16652
7653	16653
7654	16654
7655	16655
7656	16656
7657	16657
7658	16658
7659	16659
7660	16660
7661	16661
7662	16662
7663	16663
7664	16664
7665	16665
7666	16666
7667	16667
7668	16668
7669	16669
7670	16670
7671	16671
7672	16672
7673	16673
7674	16674
7675	16675
7676	16676
7677	16677
7678	16678
7679	16679
7680	16680
7681	16681
7682	16682
7683	16683
7684	16684
7685	16685
7686	16686
7687	16687
7688	16688
7689	16689
7690	16690
7691	16691
7692	16692
7693	16693
7694	16694
7695	16695
7696	16696
7697	16697
7698	16698
7699	16699
7700	16700
7701	16701
7702	16702
7703	16703
7704	16704
7705	16705
7706	16706
7707	16707
7708	16708
7709	16709
7710	16710
7711	16711
7712	16712
7713	16713
7714	16714
7715	16715
7716	16716
7717	16717
7718	16718
7719	16719
7720	16720
7721	16721
7722	16722
7723	16723
7724	16724
7725	16725
7726	16726
7727	16727
7728	16728
7729	16729
7730	16730
7731	16731
7732	16732
7733	16733
7734	16734
7735	16735
7736	16736
7737	16737
7738	16738
7739	16739
7740	16740
7741	16741
7742	16742
7743	16743
7744	16744
7745	16745
7746	16746
7747	16747
7748	16748
7749	16749
7750	16750
7751	16751
7752	16752
7753	16753
7754	16754
7755	16755
7756	16756
7757	16757
7758	16758
7759	16759
7760	16760
7761	16761
7762	16762
7763	16763
7764	16764
7765	16765
7766	16766
7767	16767
7768	16768
7769	16769
7770	16770
7771	16771
7772	16772
7773	16773
7774	16774
7775	16775
7776	16776
7777	16777
7778	16778
7779	16779
7780	16780
7781	16781
7782	16782
7783	16783
7784	16784
7785	16785
7786	16786
7787	16787
7788	16788
7789	16789
7790	16790
7791	16791
7792	16792
7793	16793
7794	16794
7795	16795
7796	16796
7797	16797
7798	16798
7799	16799
7800	16800
7801	16801
7802	16802
7803	16803
7804	16804
7805	16805
7806	16806
7807	16807
7808	16808
7809	16809
7810	16810
7811	16811
7812	16812
7813	16813
7814	16814
7815	16815
7816	16816
7817	16817
7818	16818
7819	16819
7820	16820
7821	16821
7822	16822
7823	16823
7824	16824
7825	16825
7826	16826
7827	16827
7828	16828
7829	16829
7830	16830
7831	16831
7832	16832
7833	16833
7834	16834
7835	16835
7836	16836
7837	16837
7838	16838
7839	16839
7840	16840
7841	16841
7842	16842
7843	16843
7844	16844
7845	16845
7846	16846
7847	16847
7848	16848
7849	16849
7850	16850
7851	16851
7852	16852
7853	16853
7854	16854
7855	16855
7856	16856
7857	16857
7858	16858
7859	16859
7860	16860
7861	16861
7862	16862
7863	16863
7864	16864
7865	16865
7866	16866
7867	16867
7868	16868
7869	16869
7870	16870
7871	16871
7872	16872
7873	16873
7874	16874
7875	16875
7876	16876
7877	16877
7878	16878
7879	16879
7880	16880
7881	16881
7882	16882
7883	16883
7884	16884
7885	16885
7886	16886
7887	16887
7888	16888
7889	16889
7890	16890
7891	16891
7892	16892
7893	16893
7894	16894
7895	16895
7896	16896
7897	16897
7898	16898
7899	16899
7900	16900
7901	16901
7902	16902
7903	16903
7904	16904
7905	16905
7906	16906
7907	16907
7908	16908
7909	16909
7910	16910
7911	16911
7912	16912
7913	16913
7914	16914
7915	16915
7916	16916
7917	16917
7918	16918
7919	16919
7920	16920
7921	16921
7922	16922
7923	16923
7924	16924
7925	16925
7926	16926
7927	16927
7928	16928
7929	16929
7930	16930
7931	16931
7932	16932
7933	16933
7934	16934
7935	16935
7936	16936
7937	16937
7938	16938
7939	16939
7940	16940
7941	16941
7942	16942
7943	16943
7944	16944
7945	16945
7946	16946
7947	16947
7948	16948
7949	16949
7950	16950
7951	16951
7952	16952
7953	16953
7954	16954
7955	16955
7956	16956
7957	16957
7958	16958
7959	16959
7960	16960
7961	16961
7962	16962
7963	16963
7964	16964
7965	16965
7966	16966
7967	16967
7968	16968
7969	16969
7970	16970
7971	16971
7972	16972
7973	16973
7974	16974
7975	16975
7976	16976
7977	16977
7978	16978
7979	16979
7980	16980
7981	16981
7982	16982
7983	16983
7984	16984
7985	16985
7986	16986
7987	16987
7988	16988
7989	16989
7990	16990
7991	16991
7992	16992
7993	16993
7994	16994
7995	16995
7996	16996
7997	16997
7998	16998
7999	16999
8000	17000
8001	17001
8002	17002
8003	17003
8004	17004
8005	17005
8006	17006
8007	17007
8008	17008
8009	17009
8010	17010
8011	17011
8012	17012
8013	17013
8014	17014
8015	17015
8016	17016
8017	17017
8018	17018
8019	17019
8020	17020
8021	17021
8022	17022
8023	17023
8024	17024
8025	17025
8026	17026
8027	17027
8028	17028
8029	17029
8030	17030
8031	17031
8032	17032
8033	17033
8034	17034
8035	17035
8036	17036
8037	17037
8038	17038
8039	17039
8040	17040
8041	17041
8042	17042
8043	17043
8044	17044
8045	17045
8046	17046
8047	17047
8048	17048
8049	17049
8050	17050
8051	17051
8052	17052
8053	17053
8054	17054
8055	17055
8056	17056
8057	17057
8058	17058
8059	17059
8060	17060
8061	17061
8062	17062
8063	17063
8064	17064
8065	17065
8066	17066
8067	17067
8068	17068
8069	17069
8070	17070
8071	17071
8072	17072
8073	17073
8074	17074
8075	17075
8076	17076
8077	17077
8078	17078
8079	17079
8080	17080
8081	17081
8082	17082
8083	17083
8084	17084
8085	17085
8086	17086
8087	17087
8088	17088
8089	17089
8090	17090
8091	17091
8092	17092
8093	17093
8094	17094
8095	17095
8096	17096
8097	17097
8098	17098
8099	17099
8100	17100
8101	17101
8102	17102
8103	17103
8104	17104
8105	17105
8106	17106
8107	17107
8108	17108
8109	17109
8110	17110
8111	17111
8112	17112
8113	17113
8114	17114
8115	17115
8116	17116
8117	17117
8118	17118
8119	17119
8120	17120
8121	17121
8122	17122
8123	17123
8124	17124
8125	17125
8126	17126
8127	17127
8128	17128
8129	17129
8130	17130
8131	17131
8132	17132
8133	17133
8134	17134
8135	17135
8136	17136
8137	17137
8138	17138
8139	17139
8140	17140
8141	17141
8142	17142
8143	17143
8144	17144
8145	17145
8146	17146
8147	17147
8148	17148
8149	17149
8150	17150
8151	17151
8152	17152
8153	17153
8154	17154
8155	17155
8156	17156
8157	17157
8158	17158
8159	17159
8160	17160
8161	17161
8162	17162
8163	17163
8164	17164
8165	17165
8166	17166
8167	17167
8168	17168
8169	17169
8170	17170
8171	17171
8172	17172
8173	17173
8174	17174
8175	17175
8176	17176
8177	17177
8178	17178
8179	17179
8180	17180
8181	17181
8182	17182
8183	17183
8184	17184
8185	17185
8186	17186
8187	17187
8188	17188
8189	17189
8190	17190
8191	17191
8192	17192
8193	17193
8194	17194
8195	17195
8196	17196
8197	17197
8198	17198
8199	17199
8200	17200
8201	17201
8202	17202
8203	17203
8204	17204
8205	17205
8206	17206
8207	17207
8208	17208
8209	17209
8210	17210
8211	17211
8212	17212
8213	17213
8214	17214
8215	17215
8216	17216
8217	17217
8218	17218
8219	17219
8220	17220
8221	17221
8222	17222
8223	17223
8224	17224
8225	17225
8226	17226
8227	17227
8228	17228
8229	17229
8230	17230
8231	17231
8232	17232
8233	17233
8234	17234
8235	17235
8236	17236
8237	17237
8238	17238
8239	17239
8240	17240
8241	17241
8242	17242
8243	17243
8244	17244
8245	17245
8246	17246
8247	17247
8248	17248
8249	17249
8250	17250
8251	17251
8252	17252
8253	17253
8254	17254
8255	17255
8256	17256
8257	17257
8258	17258
8259	17259
8260	17260
8261	17261
8262	17262
8263	17263
8264	17264
8265	17265
8266	17266
8267	17267
8268	17268
8269	17269
8270	17270
8271	17271
8272	17272
8273	17273
8274	17274
8275	17275
8276	17276
8277	17277
8278	17278
8279	17279
8280	17280
8281	17281
8282	17282
8283	17283
8284	17284
8285	17285
8286	17286
8287	17287
8288	17288
8289	17289
8290	17290
8291	17291
8292	17292
8293	17293
8294	17294
8295	17295
8296	17296
8297	17297
8298	17298
8299	17299
8300	17300
8301	17301
8302	17302
8303	17303
8304	17304
8305	17305
8306	17306
8307	17307
8308	17308
8309	17309
8310	17310
8311	17311
8312	17312
8313	17313
8314	17314
8315	17315
8316	17316
8317	17317
8318	17318
8319	17319
8320	17320
8321	17321
8322	17322
8323	17323
8324	17324
8325	17325
8326	17326
8327	17327
8328	17328
8329	17329
8330	17330
8331	17331
8332	17332
8333	17333
8334	17334
8335	17335
8336	17336
8337	17337
8338	17338
8339	17339
8340	17340
8341	17341
8342	17342
8343	17343
8344	17344
8345	17345
8346	17346
8347	17347
8348	17348
8349	17349
8350	17350
8351	17351
8352	17352
8353	17353
8354	17354
8355	17355
8356	17356
8357	17357
8358	17358
8359	17359
8360	17360
8361	17361
8362	17362
8363	17363
8364	17364
8365	17365
8366	17366
8367	17367
8368	17368
8369	17369
8370	17370
8371	17371
8372	17372
8373	17373
8374	17374
8375	17375
8376	17376
8377	17377
8378	17378
8379	17379
8380	17380
8381	17381
8382	17382
8383	17383
8384	17384
8385	17385
8386	17386
8387	17387
8388	17388
8389	17389
8390	17390
8391	17391
8392	17392
8393	17393
8394	17394
8395	17395
8396	17396
8397	17397
8398	17398
8399	17399
8400	17400
8401	17401
8402	17402
8403	17403
8404	17404
8405	17405
8406	17406
8407	17407
8408	17408
8409	17409
8410	17410
8411	17411
8412	17412
8413	17413
8414	17414
8415	17415
8416	17416
8417	17417
8418	17418
8419	17419
8420	17420
8421	17421
8422	17422
8423	17423
8424	17424
8425	17425
8426	17426
8427	17427
8428	17428
8429	17429
8430	17430
8431	17431
8432	17432
8433	17433
8434	17434
8435	17435
8436	17436
8437	17437
8438	17438
8439	17439
8440	17440
8441	17441
8442	17442
8443	17443
8444	17444
8445	17445
8446	17446
8447	17447
8448	17448
8449	17449
8450	17450
8451	17451
8452	17452
8453	17453
8454	17454
8455	17455
8456	17456
8457	17457
8458	17458
8459	17459
8460	17460
8461	17461
8462	17462
8463	17463
8464	17464
8465	17465
8466	17466
8467	17467
8468	17468
8469	17469
8470	17470
8471	17471
8472	17472
8473	17473
8474	17474
8475	17475
8476	17476
8477	17477
8478	17478
8479	17479
8480	17480
8481	17481
8482	17482
8483	17483
8484	17484
8485	17485
8486	17486
8487	17487
8488	17488
8489	17489
8490	17490
8491	17491
8492	17492
8493	17493
8494	17494
8495	17495
8496	17496
8497	17497
8498	17498
8499	17499
8500	17500
8501	17501
8502	17502
8503	17503
8504	17504
8505	17505
8506	17506
8507	17507
8508	17508
8509	17509
8510	17510
8511	17511
8512	17512
8513	17513
8514	17514
8515	17515
8516	17516
8517	17517
8518	17518
8519	17519
8520	17520
8521	17521
8522	17522
8523	17523
8524	17524
8525	17525
8526	17526
8527	17527
8528	17528
8529	17529
8530	17530
8531	17531
8532	17532
8533	17533
8534	17534
8535	17535
8536	17536
8537	17537
8538	17538
8539	17539
8540	17540
8541	17541
8542	17542
8543	17543
8544	17544
8545	17545
8546	17546
8547	17547
8548	17548
8549	17549
8550	17550
8551	17551
8552	17552
8553	17553
8554	17554
8555	17555
8556	17556
8557	17557
8558	17558
8559	17559
8560	17560
8561	17561
8562	17562
8563	17563
8564	17564
8565	17565
8566	17566
8567	17567
8568	17568
8569	17569
8570	17570
8571	17571
8572	17572
8573	17573
8574	17574
8575	17575
8576	17576
8577	17577
8578	17578
8579	17579
8580	17580
8581	17581
8582	17582
8583	17583
8584	17584
8585	17585
8586	17586
8587	17587
8588	17588
8589	17589
8590	17590
8591	17591
8592	17592
8593	17593
8594	17594
8595	17595
8596	17596
8597	17597
8598	17598
8599	17599
8600	17600
8601	17601
8602	17602
8603	17603
8604	17604
8605	17605
8606	17606
8607	17607
8608	17608
8609	17609
8610	17610
8611	17611
8612	17612
8613	17613
8614	17614
8615	17615
8616	17616
8617	17617
8618	17618
8619	17619
8620	17620
8621	17621
8622	17622
8623	17623
8624	17624
8625	17625
8626	17626
8627	17627
8628	17628
8629	17629
8630	17630
8631	17631
8632	17632
8633	17633
8634	17634
8635	17635
8636	17636
8637	17637
8638	17638
8639	17639
8640	17640
8641	17641
8642	17642
8643	17643
8644	17644
8645	17645
8646	17646
8647	17647
8648	17648
8649	17649
8650	17650
8651	17651
8652	17652
8653	17653
8654	17654
8655	17655
8656	17656
8657	17657
8658	17658
8659	17659
8660	17660
8661	17661
8662	17662
8663	17663
8664	17664
8665	17665
8666	17666
8667	17667
8668	17668
8669	17669
8670	17670
8671	17671
8672	17672
8673	17673
8674	17674
8675	17675
8676	17676
8677	17677
8678	17678
8679	17679
8680	17680
8681	17681
8682	17682
8683	17683
8684	17684
8685	17685
8686	17686
8687	17687
8688	17688
8689	17689
8690	17690
8691	17691
8692	17692
8693	17693
8694	17694
8695	17695
8696	17696
8697	17697
8698	17698
8699	17699
8700	17700
8701	17701
8702	17702
8703	17703
8704	17704
8705	17705
8706	17706
8707	17707
8708	17708
8709	17709
8710	17710
8711	17711
8712	17712
8713	17713
8714	17714
8715	17715
8716	17716
8717	17717
8718	17718
8719	17719
8720	17720
8721	17721
8722	17722
8723	17723
8724	17724
8725	17725
8726	17726
8727	17727
8728	17728
8729	17729
8730	17730
8731	17731
8732	17732
8733	17733
8734	17734
8735	17735
8736	17736
8737	17737
8738	17738
8739	17739
8740	17740
8741	17741
8742	17742
8743	17743
8744	17744
8745	17745
8746	17746
8747	17747
8748	17748
8749	17749
8750	17750
8751	17751
8752	17752
8753	17753
8754	17754
8755	17755
8756	17756
8757	17757
8758	17758
8759	17759
8760	17760
8761	17761
8762	17762
8763	17763
8764	17764
8765	17765
8766	17766
8767	17767
8768	17768
8769	17769
8770	17770
8771	17771
8772	17772
8773	17773
8774	17774
8775	17775
8776	17776
8777	17777
8778	17778
8779	17779
8780	17780
8781	17781
8782	17782
8783	17783
8784	17784
8785	17785
8786	17786
8787	17787
8788	17788
8789	17789
8790	17790
8791	17791
8792	17792
8793	17793
8794	17794
8795	17795
8796	17796
8797	17797
8798	17798
8799	17799
8800	17800
8801	17801
8802	17802
8803	17803
8804	17804
8805	17805
8806	17806
8807	17807
8808	17808
8809	17809
8810	17810
8811	17811
8812	17812
8813	17813
8814	17814
8815	17815
8816	17816
8817	17817
8818	17818
8819	17819
8820	17820
8821	17821
8822	17822
8823	17823
8824	17824
8825	17825
8826	17826
8827	17827
8828	17828
8829	17829
8830	17830
8831	17831
8832	17832
8833	17833
8834	17834
8835	17835
8836	17836
8837	17837
8838	17838
8839	17839
8840	17840
8841	17841
8842	17842
8843	17843
8844	17844
8845	17845
8846	17846
8847	17847
8848	17848
8849	17849
8850	17850
8851	17851
8852	17852
8853	17853
8854	17854
8855	17855
8856	17856
8857	17857
8858	17858
8859	17859
8860	17860
8861	17861
8862	17862
8863	17863
8864	17864
8865	17865
8866	17866
8867	17867
8868	17868
8869	17869
8870	17870
8871	17871
8872	17872
8873	17873
8874	17874
8875	17875
8876	17876
8877	17877
8878	17878
8879	17879
8880	17880
8881	17881
8882	17882
8883	17883
8884	17884
8885	17885
8886	17886
8887	17887
8888	17888
8889	17889
8890	17890
8891	17891
8892	17892
8893	17893
8894	17894
8895	17895
8896	17896
8897	17897
8898	17898
8899	17899
8900	17900
8901	17901
8902	17902
8903	17903
8904	17904
8905	17905
8906	17906
8907	17907
8908	17908
8909	17909
8910	17910
8911	17911
8912	17912
8913	17913
8914	17914
8915	17915
8916	17916
8917	17917
8918	17918
8919	17919
8920	17920
8921	17921
8922	17922
8923	17923
8924	17924
8925	17925
8926	17926
8927	17927
8928	17928
8929	17929
8930	17930
8931	17931
8932	17932
8933	17933
8934	17934
8935	17935
8936	17936
8937	17937
8938	17938
8939	17939
8940	17940
8941	17941
8942	17942
8943	17943
8944	17944
8945	17945
8946	17946
8947	17947
8948	17948
8949	17949
8950	17950
8951	17951
8952	17952
8953	17953
8954	17954
8955	17955
8956	17956
8957	17957
8958	17958
8959	17959
8960	17960
8961	17961
8962	17962
8963	17963
8964	17964
8965	17965
8966	17966
8967	17967
8968	17968
8969	17969
8970	17970
8971	17971
8972	17972
8973	17973
8974	17974
8975	17975
8976	17976
8977	17977
8978	17978
8979	17979
8980	17980
8981	17981
8982	17982
8983	17983
8984	17984
8985	17985
8986	17986
8987	17987
8988	17988
8989	17989
8990	17990
8991	17991
8992	17992
8993	17993
8994	17994
8995	17995
8996	17996
8997	17997
8998	17998
8999	17999
