21000	21000
21001	21001
21002	21002
21003	21003
21004	21004
21005	21005
21006	21006
21007	21007
21008	21008
21009	21009
21010	21010
21011	21011
21012	21012
21013	21013
21014	21014
21015	21015
21016	21016
21017	21017
21018	21018
21019	21019
21020	21020
21021	21021
21022	21022
21023	21023
21024	21024
21025	21025
21026	21026
21027	21027
21028	21028
21029	21029
21030	21030
21031	21031
21032	21032
21033	21033
21034	21034
21035	21035
21036	21036
21037	21037
21038	21038
21039	21039
21040	21040
21041	21041
21042	21042
21043	21043
21044	21044
21045	21045
21046	21046
21047	21047
21048	21048
21049	21049
21050	21050
21051	21051
21052	21052
21053	21053
21054	21054
21055	21055
21056	21056
21057	21057
21058	21058
21059	21059
21060	21060
21061	21061
21062	21062
21063	21063
21064	21064
21065	21065
21066	21066
21067	21067
21068	21068
21069	21069
21070	21070
21071	21071
21072	21072
21073	21073
21074	21074
21075	21075
21076	21076
21077	21077
21078	21078
21079	21079
21080	21080
21081	21081
21082	21082
21083	21083
21084	21084
21085	21085
21086	21086
21087	21087
21088	21088
21089	21089
21090	21090
21091	21091
21092	21092
21093	21093
21094	21094
21095	21095
21096	21096
21097	21097
21098	21098
21099	21099
21100	21100
21101	21101
21102	21102
21103	21103
21104	21104
21105	21105
21106	21106
21107	21107
21108	21108
21109	21109
21110	21110
21111	21111
21112	21112
21113	21113
21114	21114
21115	21115
21116	21116
21117	21117
21118	21118
21119	21119
21120	21120
21121	21121
21122	21122
21123	21123
21124	21124
21125	21125
21126	21126
21127	21127
21128	21128
21129	21129
21130	21130
21131	21131
21132	21132
21133	21133
21134	21134
21135	21135
21136	21136
21137	21137
21138	21138
21139	21139
21140	21140
21141	21141
21142	21142
21143	21143
21144	21144
21145	21145
21146	21146
21147	21147
21148	21148
21149	21149
21150	21150
21151	21151
21152	21152
21153	21153
21154	21154
21155	21155
21156	21156
21157	21157
21158	21158
21159	21159
21160	21160
21161	21161
21162	21162
21163	21163
21164	21164
21165	21165
21166	21166
21167	21167
21168	21168
21169	21169
21170	21170
21171	21171
21172	21172
21173	21173
21174	21174
21175	21175
21176	21176
21177	21177
21178	21178
21179	21179
21180	21180
21181	21181
21182	21182
21183	21183
21184	21184
21185	21185
21186	21186
21187	21187
21188	21188
21189	21189
21190	21190
21191	21191
21192	21192
21193	21193
21194	21194
21195	21195
21196	21196
21197	21197
21198	21198
21199	21199
21200	21200
21201	21201
21202	21202
21203	21203
21204	21204
21205	21205
21206	21206
21207	21207
21208	21208
21209	21209
21210	21210
21211	21211
21212	21212
21213	21213
21214	21214
21215	21215
21216	21216
21217	21217
21218	21218
21219	21219
21220	21220
21221	21221
21222	21222
21223	21223
21224	21224
21225	21225
21226	21226
21227	21227
21228	21228
21229	21229
21230	21230
21231	21231
21232	21232
21233	21233
21234	21234
21235	21235
21236	21236
21237	21237
21238	21238
21239	21239
21240	21240
21241	21241
21242	21242
21243	21243
21244	21244
21245	21245
21246	21246
21247	21247
21248	21248
21249	21249
21250	21250
21251	21251
21252	21252
21253	21253
21254	21254
21255	21255
21256	21256
21257	21257
21258	21258
21259	21259
21260	21260
21261	21261
21262	21262
21263	21263
21264	21264
21265	21265
21266	21266
21267	21267
21268	21268
21269	21269
21270	21270
21271	21271
21272	21272
21273	21273
21274	21274
21275	21275
21276	21276
21277	21277
21278	21278
21279	21279
21280	21280
21281	21281
21282	21282
21283	21283
21284	21284
21285	21285
21286	21286
21287	21287
21288	21288
21289	21289
21290	21290
21291	21291
21292	21292
21293	21293
21294	21294
21295	21295
21296	21296
21297	21297
21298	21298
21299	21299
21300	21300
21301	21301
21302	21302
21303	21303
21304	21304
21305	21305
21306	21306
21307	21307
21308	21308
21309	21309
21310	21310
21311	21311
21312	21312
21313	21313
21314	21314
21315	21315
21316	21316
21317	21317
21318	21318
21319	21319
21320	21320
21321	21321
21322	21322
21323	21323
21324	21324
21325	21325
21326	21326
21327	21327
21328	21328
21329	21329
21330	21330
21331	21331
21332	21332
21333	21333
21334	21334
21335	21335
21336	21336
21337	21337
21338	21338
21339	21339
21340	21340
21341	21341
21342	21342
21343	21343
21344	21344
21345	21345
21346	21346
21347	21347
21348	21348
21349	21349
21350	21350
21351	21351
21352	21352
21353	21353
21354	21354
21355	21355
21356	21356
21357	21357
21358	21358
21359	21359
21360	21360
21361	21361
21362	21362
21363	21363
21364	21364
21365	21365
21366	21366
21367	21367
21368	21368
21369	21369
21370	21370
21371	21371
21372	21372
21373	21373
21374	21374
21375	21375
21376	21376
21377	21377
21378	21378
21379	21379
21380	21380
21381	21381
21382	21382
21383	21383
21384	21384
21385	21385
21386	21386
21387	21387
21388	21388
21389	21389
21390	21390
21391	21391
21392	21392
21393	21393
21394	21394
21395	21395
21396	21396
21397	21397
21398	21398
21399	21399
21400	21400
21401	21401
21402	21402
21403	21403
21404	21404
21405	21405
21406	21406
21407	21407
21408	21408
21409	21409
21410	21410
21411	21411
21412	21412
21413	21413
21414	21414
21415	21415
21416	21416
21417	21417
21418	21418
21419	21419
21420	21420
21421	21421
21422	21422
21423	21423
21424	21424
21425	21425
21426	21426
21427	21427
21428	21428
21429	21429
21430	21430
21431	21431
21432	21432
21433	21433
21434	21434
21435	21435
21436	21436
21437	21437
21438	21438
21439	21439
21440	21440
21441	21441
21442	21442
21443	21443
21444	21444
21445	21445
21446	21446
21447	21447
21448	21448
21449	21449
21450	21450
21451	21451
21452	21452
21453	21453
21454	21454
21455	21455
21456	21456
21457	21457
21458	21458
21459	21459
21460	21460
21461	21461
21462	21462
21463	21463
21464	21464
21465	21465
21466	21466
21467	21467
21468	21468
21469	21469
21470	21470
21471	21471
21472	21472
21473	21473
21474	21474
21475	21475
21476	21476
21477	21477
21478	21478
21479	21479
21480	21480
21481	21481
21482	21482
21483	21483
21484	21484
21485	21485
21486	21486
21487	21487
21488	21488
21489	21489
21490	21490
21491	21491
21492	21492
21493	21493
21494	21494
21495	21495
21496	21496
21497	21497
21498	21498
21499	21499
21500	21500
21501	21501
21502	21502
21503	21503
21504	21504
21505	21505
21506	21506
21507	21507
21508	21508
21509	21509
21510	21510
21511	21511
21512	21512
21513	21513
21514	21514
21515	21515
21516	21516
21517	21517
21518	21518
21519	21519
21520	21520
21521	21521
21522	21522
21523	21523
21524	21524
21525	21525
21526	21526
21527	21527
21528	21528
21529	21529
21530	21530
21531	21531
21532	21532
21533	21533
21534	21534
21535	21535
21536	21536
21537	21537
21538	21538
21539	21539
21540	21540
21541	21541
21542	21542
21543	21543
21544	21544
21545	21545
21546	21546
21547	21547
21548	21548
21549	21549
21550	21550
21551	21551
21552	21552
21553	21553
21554	21554
21555	21555
21556	21556
21557	21557
21558	21558
21559	21559
21560	21560
21561	21561
21562	21562
21563	21563
21564	21564
21565	21565
21566	21566
21567	21567
21568	21568
21569	21569
21570	21570
21571	21571
21572	21572
21573	21573
21574	21574
21575	21575
21576	21576
21577	21577
21578	21578
21579	21579
21580	21580
21581	21581
21582	21582
21583	21583
21584	21584
21585	21585
21586	21586
21587	21587
21588	21588
21589	21589
21590	21590
21591	21591
21592	21592
21593	21593
21594	21594
21595	21595
21596	21596
21597	21597
21598	21598
21599	21599
21600	21600
21601	21601
21602	21602
21603	21603
21604	21604
21605	21605
21606	21606
21607	21607
21608	21608
21609	21609
21610	21610
21611	21611
21612	21612
21613	21613
21614	21614
21615	21615
21616	21616
21617	21617
21618	21618
21619	21619
21620	21620
21621	21621
21622	21622
21623	21623
21624	21624
21625	21625
21626	21626
21627	21627
21628	21628
21629	21629
21630	21630
21631	21631
21632	21632
21633	21633
21634	21634
21635	21635
21636	21636
21637	21637
21638	21638
21639	21639
21640	21640
21641	21641
21642	21642
21643	21643
21644	21644
21645	21645
21646	21646
21647	21647
21648	21648
21649	21649
21650	21650
21651	21651
21652	21652
21653	21653
21654	21654
21655	21655
21656	21656
21657	21657
21658	21658
21659	21659
21660	21660
21661	21661
21662	21662
21663	21663
21664	21664
21665	21665
21666	21666
21667	21667
21668	21668
21669	21669
21670	21670
21671	21671
21672	21672
21673	21673
21674	21674
21675	21675
21676	21676
21677	21677
21678	21678
21679	21679
21680	21680
21681	21681
21682	21682
21683	21683
21684	21684
21685	21685
21686	21686
21687	21687
21688	21688
21689	21689
21690	21690
21691	21691
21692	21692
21693	21693
21694	21694
21695	21695
21696	21696
21697	21697
21698	21698
21699	21699
21700	21700
21701	21701
21702	21702
21703	21703
21704	21704
21705	21705
21706	21706
21707	21707
21708	21708
21709	21709
21710	21710
21711	21711
21712	21712
21713	21713
21714	21714
21715	21715
21716	21716
21717	21717
21718	21718
21719	21719
21720	21720
21721	21721
21722	21722
21723	21723
21724	21724
21725	21725
21726	21726
21727	21727
21728	21728
21729	21729
21730	21730
21731	21731
21732	21732
21733	21733
21734	21734
21735	21735
21736	21736
21737	21737
21738	21738
21739	21739
21740	21740
21741	21741
21742	21742
21743	21743
21744	21744
21745	21745
21746	21746
21747	21747
21748	21748
21749	21749
21750	21750
21751	21751
21752	21752
21753	21753
21754	21754
21755	21755
21756	21756
21757	21757
21758	21758
21759	21759
21760	21760
21761	21761
21762	21762
21763	21763
21764	21764
21765	21765
21766	21766
21767	21767
21768	21768
21769	21769
21770	21770
21771	21771
21772	21772
21773	21773
21774	21774
21775	21775
21776	21776
21777	21777
21778	21778
21779	21779
21780	21780
21781	21781
21782	21782
21783	21783
21784	21784
21785	21785
21786	21786
21787	21787
21788	21788
21789	21789
21790	21790
21791	21791
21792	21792
21793	21793
21794	21794
21795	21795
21796	21796
21797	21797
21798	21798
21799	21799
21800	21800
21801	21801
21802	21802
21803	21803
21804	21804
21805	21805
21806	21806
21807	21807
21808	21808
21809	21809
21810	21810
21811	21811
21812	21812
21813	21813
21814	21814
21815	21815
21816	21816
21817	21817
21818	21818
21819	21819
21820	21820
21821	21821
21822	21822
21823	21823
21824	21824
21825	21825
21826	21826
21827	21827
21828	21828
21829	21829
21830	21830
21831	21831
21832	21832
21833	21833
21834	21834
21835	21835
21836	21836
21837	21837
21838	21838
21839	21839
21840	21840
21841	21841
21842	21842
21843	21843
21844	21844
21845	21845
21846	21846
21847	21847
21848	21848
21849	21849
21850	21850
21851	21851
21852	21852
21853	21853
21854	21854
21855	21855
21856	21856
21857	21857
21858	21858
21859	21859
21860	21860
21861	21861
21862	21862
21863	21863
21864	21864
21865	21865
21866	21866
21867	21867
21868	21868
21869	21869
21870	21870
21871	21871
21872	21872
21873	21873
21874	21874
21875	21875
21876	21876
21877	21877
21878	21878
21879	21879
21880	21880
21881	21881
21882	21882
21883	21883
21884	21884
21885	21885
21886	21886
21887	21887
21888	21888
21889	21889
21890	21890
21891	21891
21892	21892
21893	21893
21894	21894
21895	21895
21896	21896
21897	21897
21898	21898
21899	21899
21900	21900
21901	21901
21902	21902
21903	21903
21904	21904
21905	21905
21906	21906
21907	21907
21908	21908
21909	21909
21910	21910
21911	21911
21912	21912
21913	21913
21914	21914
21915	21915
21916	21916
21917	21917
21918	21918
21919	21919
21920	21920
21921	21921
21922	21922
21923	21923
21924	21924
21925	21925
21926	21926
21927	21927
21928	21928
21929	21929
21930	21930
21931	21931
21932	21932
21933	21933
21934	21934
21935	21935
21936	21936
21937	21937
21938	21938
21939	21939
21940	21940
21941	21941
21942	21942
21943	21943
21944	21944
21945	21945
21946	21946
21947	21947
21948	21948
21949	21949
21950	21950
21951	21951
21952	21952
21953	21953
21954	21954
21955	21955
21956	21956
21957	21957
21958	21958
21959	21959
21960	21960
21961	21961
21962	21962
21963	21963
21964	21964
21965	21965
21966	21966
21967	21967
21968	21968
21969	21969
21970	21970
21971	21971
21972	21972
21973	21973
21974	21974
21975	21975
21976	21976
21977	21977
21978	21978
21979	21979
21980	21980
21981	21981
21982	21982
21983	21983
21984	21984
21985	21985
21986	21986
21987	21987
21988	21988
21989	21989
21990	21990
21991	21991
21992	21992
21993	21993
21994	21994
21995	21995
21996	21996
21997	21997
21998	21998
21999	21999
22000	22000
22001	22001
22002	22002
22003	22003
22004	22004
22005	22005
22006	22006
22007	22007
22008	22008
22009	22009
22010	22010
22011	22011
22012	22012
22013	22013
22014	22014
22015	22015
22016	22016
22017	22017
22018	22018
22019	22019
22020	22020
22021	22021
22022	22022
22023	22023
22024	22024
22025	22025
22026	22026
22027	22027
22028	22028
22029	22029
22030	22030
22031	22031
22032	22032
22033	22033
22034	22034
22035	22035
22036	22036
22037	22037
22038	22038
22039	22039
22040	22040
22041	22041
22042	22042
22043	22043
22044	22044
22045	22045
22046	22046
22047	22047
22048	22048
22049	22049
22050	22050
22051	22051
22052	22052
22053	22053
22054	22054
22055	22055
22056	22056
22057	22057
22058	22058
22059	22059
22060	22060
22061	22061
22062	22062
22063	22063
22064	22064
22065	22065
22066	22066
22067	22067
22068	22068
22069	22069
22070	22070
22071	22071
22072	22072
22073	22073
22074	22074
22075	22075
22076	22076
22077	22077
22078	22078
22079	22079
22080	22080
22081	22081
22082	22082
22083	22083
22084	22084
22085	22085
22086	22086
22087	22087
22088	22088
22089	22089
22090	22090
22091	22091
22092	22092
22093	22093
22094	22094
22095	22095
22096	22096
22097	22097
22098	22098
22099	22099
22100	22100
22101	22101
22102	22102
22103	22103
22104	22104
22105	22105
22106	22106
22107	22107
22108	22108
22109	22109
22110	22110
22111	22111
22112	22112
22113	22113
22114	22114
22115	22115
22116	22116
22117	22117
22118	22118
22119	22119
22120	22120
22121	22121
22122	22122
22123	22123
22124	22124
22125	22125
22126	22126
22127	22127
22128	22128
22129	22129
22130	22130
22131	22131
22132	22132
22133	22133
22134	22134
22135	22135
22136	22136
22137	22137
22138	22138
22139	22139
22140	22140
22141	22141
22142	22142
22143	22143
22144	22144
22145	22145
22146	22146
22147	22147
22148	22148
22149	22149
22150	22150
22151	22151
22152	22152
22153	22153
22154	22154
22155	22155
22156	22156
22157	22157
22158	22158
22159	22159
22160	22160
22161	22161
22162	22162
22163	22163
22164	22164
22165	22165
22166	22166
22167	22167
22168	22168
22169	22169
22170	22170
22171	22171
22172	22172
22173	22173
22174	22174
22175	22175
22176	22176
22177	22177
22178	22178
22179	22179
22180	22180
22181	22181
22182	22182
22183	22183
22184	22184
22185	22185
22186	22186
22187	22187
22188	22188
22189	22189
22190	22190
22191	22191
22192	22192
22193	22193
22194	22194
22195	22195
22196	22196
22197	22197
22198	22198
22199	22199
22200	22200
22201	22201
22202	22202
22203	22203
22204	22204
22205	22205
22206	22206
22207	22207
22208	22208
22209	22209
22210	22210
22211	22211
22212	22212
22213	22213
22214	22214
22215	22215
22216	22216
22217	22217
22218	22218
22219	22219
22220	22220
22221	22221
22222	22222
22223	22223
22224	22224
22225	22225
22226	22226
22227	22227
22228	22228
22229	22229
22230	22230
22231	22231
22232	22232
22233	22233
22234	22234
22235	22235
22236	22236
22237	22237
22238	22238
22239	22239
22240	22240
22241	22241
22242	22242
22243	22243
22244	22244
22245	22245
22246	22246
22247	22247
22248	22248
22249	22249
22250	22250
22251	22251
22252	22252
22253	22253
22254	22254
22255	22255
22256	22256
22257	22257
22258	22258
22259	22259
22260	22260
22261	22261
22262	22262
22263	22263
22264	22264
22265	22265
22266	22266
22267	22267
22268	22268
22269	22269
22270	22270
22271	22271
22272	22272
22273	22273
22274	22274
22275	22275
22276	22276
22277	22277
22278	22278
22279	22279
22280	22280
22281	22281
22282	22282
22283	22283
22284	22284
22285	22285
22286	22286
22287	22287
22288	22288
22289	22289
22290	22290
22291	22291
22292	22292
22293	22293
22294	22294
22295	22295
22296	22296
22297	22297
22298	22298
22299	22299
22300	22300
22301	22301
22302	22302
22303	22303
22304	22304
22305	22305
22306	22306
22307	22307
22308	22308
22309	22309
22310	22310
22311	22311
22312	22312
22313	22313
22314	22314
22315	22315
22316	22316
22317	22317
22318	22318
22319	22319
22320	22320
22321	22321
22322	22322
22323	22323
22324	22324
22325	22325
22326	22326
22327	22327
22328	22328
22329	22329
22330	22330
22331	22331
22332	22332
22333	22333
22334	22334
22335	22335
22336	22336
22337	22337
22338	22338
22339	22339
22340	22340
22341	22341
22342	22342
22343	22343
22344	22344
22345	22345
22346	22346
22347	22347
22348	22348
22349	22349
22350	22350
22351	22351
22352	22352
22353	22353
22354	22354
22355	22355
22356	22356
22357	22357
22358	22358
22359	22359
22360	22360
22361	22361
22362	22362
22363	22363
22364	22364
22365	22365
22366	22366
22367	22367
22368	22368
22369	22369
22370	22370
22371	22371
22372	22372
22373	22373
22374	22374
22375	22375
22376	22376
22377	22377
22378	22378
22379	22379
22380	22380
22381	22381
22382	22382
22383	22383
22384	22384
22385	22385
22386	22386
22387	22387
22388	22388
22389	22389
22390	22390
22391	22391
22392	22392
22393	22393
22394	22394
22395	22395
22396	22396
22397	22397
22398	22398
22399	22399
22400	22400
22401	22401
22402	22402
22403	22403
22404	22404
22405	22405
22406	22406
22407	22407
22408	22408
22409	22409
22410	22410
22411	22411
22412	22412
22413	22413
22414	22414
22415	22415
22416	22416
22417	22417
22418	22418
22419	22419
22420	22420
22421	22421
22422	22422
22423	22423
22424	22424
22425	22425
22426	22426
22427	22427
22428	22428
22429	22429
22430	22430
22431	22431
22432	22432
22433	22433
22434	22434
22435	22435
22436	22436
22437	22437
22438	22438
22439	22439
22440	22440
22441	22441
22442	22442
22443	22443
22444	22444
22445	22445
22446	22446
22447	22447
22448	22448
22449	22449
22450	22450
22451	22451
22452	22452
22453	22453
22454	22454
22455	22455
22456	22456
22457	22457
22458	22458
22459	22459
22460	22460
22461	22461
22462	22462
22463	22463
22464	22464
22465	22465
22466	22466
22467	22467
22468	22468
22469	22469
22470	22470
22471	22471
22472	22472
22473	22473
22474	22474
22475	22475
22476	22476
22477	22477
22478	22478
22479	22479
22480	22480
22481	22481
22482	22482
22483	22483
22484	22484
22485	22485
22486	22486
22487	22487
22488	22488
22489	22489
22490	22490
22491	22491
22492	22492
22493	22493
22494	22494
22495	22495
22496	22496
22497	22497
22498	22498
22499	22499
22500	22500
22501	22501
22502	22502
22503	22503
22504	22504
22505	22505
22506	22506
22507	22507
22508	22508
22509	22509
22510	22510
22511	22511
22512	22512
22513	22513
22514	22514
22515	22515
22516	22516
22517	22517
22518	22518
22519	22519
22520	22520
22521	22521
22522	22522
22523	22523
22524	22524
22525	22525
22526	22526
22527	22527
22528	22528
22529	22529
22530	22530
22531	22531
22532	22532
22533	22533
22534	22534
22535	22535
22536	22536
22537	22537
22538	22538
22539	22539
22540	22540
22541	22541
22542	22542
22543	22543
22544	22544
22545	22545
22546	22546
22547	22547
22548	22548
22549	22549
22550	22550
22551	22551
22552	22552
22553	22553
22554	22554
22555	22555
22556	22556
22557	22557
22558	22558
22559	22559
22560	22560
22561	22561
22562	22562
22563	22563
22564	22564
22565	22565
22566	22566
22567	22567
22568	22568
22569	22569
22570	22570
22571	22571
22572	22572
22573	22573
22574	22574
22575	22575
22576	22576
22577	22577
22578	22578
22579	22579
22580	22580
22581	22581
22582	22582
22583	22583
22584	22584
22585	22585
22586	22586
22587	22587
22588	22588
22589	22589
22590	22590
22591	22591
22592	22592
22593	22593
22594	22594
22595	22595
22596	22596
22597	22597
22598	22598
22599	22599
22600	22600
22601	22601
22602	22602
22603	22603
22604	22604
22605	22605
22606	22606
22607	22607
22608	22608
22609	22609
22610	22610
22611	22611
22612	22612
22613	22613
22614	22614
22615	22615
22616	22616
22617	22617
22618	22618
22619	22619
22620	22620
22621	22621
22622	22622
22623	22623
22624	22624
22625	22625
22626	22626
22627	22627
22628	22628
22629	22629
22630	22630
22631	22631
22632	22632
22633	22633
22634	22634
22635	22635
22636	22636
22637	22637
22638	22638
22639	22639
22640	22640
22641	22641
22642	22642
22643	22643
22644	22644
22645	22645
22646	22646
22647	22647
22648	22648
22649	22649
22650	22650
22651	22651
22652	22652
22653	22653
22654	22654
22655	22655
22656	22656
22657	22657
22658	22658
22659	22659
22660	22660
22661	22661
22662	22662
22663	22663
22664	22664
22665	22665
22666	22666
22667	22667
22668	22668
22669	22669
22670	22670
22671	22671
22672	22672
22673	22673
22674	22674
22675	22675
22676	22676
22677	22677
22678	22678
22679	22679
22680	22680
22681	22681
22682	22682
22683	22683
22684	22684
22685	22685
22686	22686
22687	22687
22688	22688
22689	22689
22690	22690
22691	22691
22692	22692
22693	22693
22694	22694
22695	22695
22696	22696
22697	22697
22698	22698
22699	22699
22700	22700
22701	22701
22702	22702
22703	22703
22704	22704
22705	22705
22706	22706
22707	22707
22708	22708
22709	22709
22710	22710
22711	22711
22712	22712
22713	22713
22714	22714
22715	22715
22716	22716
22717	22717
22718	22718
22719	22719
22720	22720
22721	22721
22722	22722
22723	22723
22724	22724
22725	22725
22726	22726
22727	22727
22728	22728
22729	22729
22730	22730
22731	22731
22732	22732
22733	22733
22734	22734
22735	22735
22736	22736
22737	22737
22738	22738
22739	22739
22740	22740
22741	22741
22742	22742
22743	22743
22744	22744
22745	22745
22746	22746
22747	22747
22748	22748
22749	22749
22750	22750
22751	22751
22752	22752
22753	22753
22754	22754
22755	22755
22756	22756
22757	22757
22758	22758
22759	22759
22760	22760
22761	22761
22762	22762
22763	22763
22764	22764
22765	22765
22766	22766
22767	22767
22768	22768
22769	22769
22770	22770
22771	22771
22772	22772
22773	22773
22774	22774
22775	22775
22776	22776
22777	22777
22778	22778
22779	22779
22780	22780
22781	22781
22782	22782
22783	22783
22784	22784
22785	22785
22786	22786
22787	22787
22788	22788
22789	22789
22790	22790
22791	22791
22792	22792
22793	22793
22794	22794
22795	22795
22796	22796
22797	22797
22798	22798
22799	22799
22800	22800
22801	22801
22802	22802
22803	22803
22804	22804
22805	22805
22806	22806
22807	22807
22808	22808
22809	22809
22810	22810
22811	22811
22812	22812
22813	22813
22814	22814
22815	22815
22816	22816
22817	22817
22818	22818
22819	22819
22820	22820
22821	22821
22822	22822
22823	22823
22824	22824
22825	22825
22826	22826
22827	22827
22828	22828
22829	22829
22830	22830
22831	22831
22832	22832
22833	22833
22834	22834
22835	22835
22836	22836
22837	22837
22838	22838
22839	22839
22840	22840
22841	22841
22842	22842
22843	22843
22844	22844
22845	22845
22846	22846
22847	22847
22848	22848
22849	22849
22850	22850
22851	22851
22852	22852
22853	22853
22854	22854
22855	22855
22856	22856
22857	22857
22858	22858
22859	22859
22860	22860
22861	22861
22862	22862
22863	22863
22864	22864
22865	22865
22866	22866
22867	22867
22868	22868
22869	22869
22870	22870
22871	22871
22872	22872
22873	22873
22874	22874
22875	22875
22876	22876
22877	22877
22878	22878
22879	22879
22880	22880
22881	22881
22882	22882
22883	22883
22884	22884
22885	22885
22886	22886
22887	22887
22888	22888
22889	22889
22890	22890
22891	22891
22892	22892
22893	22893
22894	22894
22895	22895
22896	22896
22897	22897
22898	22898
22899	22899
22900	22900
22901	22901
22902	22902
22903	22903
22904	22904
22905	22905
22906	22906
22907	22907
22908	22908
22909	22909
22910	22910
22911	22911
22912	22912
22913	22913
22914	22914
22915	22915
22916	22916
22917	22917
22918	22918
22919	22919
22920	22920
22921	22921
22922	22922
22923	22923
22924	22924
22925	22925
22926	22926
22927	22927
22928	22928
22929	22929
22930	22930
22931	22931
22932	22932
22933	22933
22934	22934
22935	22935
22936	22936
22937	22937
22938	22938
22939	22939
22940	22940
22941	22941
22942	22942
22943	22943
22944	22944
22945	22945
22946	22946
22947	22947
22948	22948
22949	22949
22950	22950
22951	22951
22952	22952
22953	22953
22954	22954
22955	22955
22956	22956
22957	22957
22958	22958
22959	22959
22960	22960
22961	22961
22962	22962
22963	22963
22964	22964
22965	22965
22966	22966
22967	22967
22968	22968
22969	22969
22970	22970
22971	22971
22972	22972
22973	22973
22974	22974
22975	22975
22976	22976
22977	22977
22978	22978
22979	22979
22980	22980
22981	22981
22982	22982
22983	22983
22984	22984
22985	22985
22986	22986
22987	22987
22988	22988
22989	22989
22990	22990
22991	22991
22992	22992
22993	22993
22994	22994
22995	22995
22996	22996
22997	22997
22998	22998
22999	22999
23000	23000
23001	23001
23002	23002
23003	23003
23004	23004
23005	23005
23006	23006
23007	23007
23008	23008
23009	23009
23010	23010
23011	23011
23012	23012
23013	23013
23014	23014
23015	23015
23016	23016
23017	23017
23018	23018
23019	23019
23020	23020
23021	23021
23022	23022
23023	23023
23024	23024
23025	23025
23026	23026
23027	23027
23028	23028
23029	23029
23030	23030
23031	23031
23032	23032
23033	23033
23034	23034
23035	23035
23036	23036
23037	23037
23038	23038
23039	23039
23040	23040
23041	23041
23042	23042
23043	23043
23044	23044
23045	23045
23046	23046
23047	23047
23048	23048
23049	23049
23050	23050
23051	23051
23052	23052
23053	23053
23054	23054
23055	23055
23056	23056
23057	23057
23058	23058
23059	23059
23060	23060
23061	23061
23062	23062
23063	23063
23064	23064
23065	23065
23066	23066
23067	23067
23068	23068
23069	23069
23070	23070
23071	23071
23072	23072
23073	23073
23074	23074
23075	23075
23076	23076
23077	23077
23078	23078
23079	23079
23080	23080
23081	23081
23082	23082
23083	23083
23084	23084
23085	23085
23086	23086
23087	23087
23088	23088
23089	23089
23090	23090
23091	23091
23092	23092
23093	23093
23094	23094
23095	23095
23096	23096
23097	23097
23098	23098
23099	23099
23100	23100
23101	23101
23102	23102
23103	23103
23104	23104
23105	23105
23106	23106
23107	23107
23108	23108
23109	23109
23110	23110
23111	23111
23112	23112
23113	23113
23114	23114
23115	23115
23116	23116
23117	23117
23118	23118
23119	23119
23120	23120
23121	23121
23122	23122
23123	23123
23124	23124
23125	23125
23126	23126
23127	23127
23128	23128
23129	23129
23130	23130
23131	23131
23132	23132
23133	23133
23134	23134
23135	23135
23136	23136
23137	23137
23138	23138
23139	23139
23140	23140
23141	23141
23142	23142
23143	23143
23144	23144
23145	23145
23146	23146
23147	23147
23148	23148
23149	23149
23150	23150
23151	23151
23152	23152
23153	23153
23154	23154
23155	23155
23156	23156
23157	23157
23158	23158
23159	23159
23160	23160
23161	23161
23162	23162
23163	23163
23164	23164
23165	23165
23166	23166
23167	23167
23168	23168
23169	23169
23170	23170
23171	23171
23172	23172
23173	23173
23174	23174
23175	23175
23176	23176
23177	23177
23178	23178
23179	23179
23180	23180
23181	23181
23182	23182
23183	23183
23184	23184
23185	23185
23186	23186
23187	23187
23188	23188
23189	23189
23190	23190
23191	23191
23192	23192
23193	23193
23194	23194
23195	23195
23196	23196
23197	23197
23198	23198
23199	23199
23200	23200
23201	23201
23202	23202
23203	23203
23204	23204
23205	23205
23206	23206
23207	23207
23208	23208
23209	23209
23210	23210
23211	23211
23212	23212
23213	23213
23214	23214
23215	23215
23216	23216
23217	23217
23218	23218
23219	23219
23220	23220
23221	23221
23222	23222
23223	23223
23224	23224
23225	23225
23226	23226
23227	23227
23228	23228
23229	23229
23230	23230
23231	23231
23232	23232
23233	23233
23234	23234
23235	23235
23236	23236
23237	23237
23238	23238
23239	23239
23240	23240
23241	23241
23242	23242
23243	23243
23244	23244
23245	23245
23246	23246
23247	23247
23248	23248
23249	23249
23250	23250
23251	23251
23252	23252
23253	23253
23254	23254
23255	23255
23256	23256
23257	23257
23258	23258
23259	23259
23260	23260
23261	23261
23262	23262
23263	23263
23264	23264
23265	23265
23266	23266
23267	23267
23268	23268
23269	23269
23270	23270
23271	23271
23272	23272
23273	23273
23274	23274
23275	23275
23276	23276
23277	23277
23278	23278
23279	23279
23280	23280
23281	23281
23282	23282
23283	23283
23284	23284
23285	23285
23286	23286
23287	23287
23288	23288
23289	23289
23290	23290
23291	23291
23292	23292
23293	23293
23294	23294
23295	23295
23296	23296
23297	23297
23298	23298
23299	23299
23300	23300
23301	23301
23302	23302
23303	23303
23304	23304
23305	23305
23306	23306
23307	23307
23308	23308
23309	23309
23310	23310
23311	23311
23312	23312
23313	23313
23314	23314
23315	23315
23316	23316
23317	23317
23318	23318
23319	23319
23320	23320
23321	23321
23322	23322
23323	23323
23324	23324
23325	23325
23326	23326
23327	23327
23328	23328
23329	23329
23330	23330
23331	23331
23332	23332
23333	23333
23334	23334
23335	23335
23336	23336
23337	23337
23338	23338
23339	23339
23340	23340
23341	23341
23342	23342
23343	23343
23344	23344
23345	23345
23346	23346
23347	23347
23348	23348
23349	23349
23350	23350
23351	23351
23352	23352
23353	23353
23354	23354
23355	23355
23356	23356
23357	23357
23358	23358
23359	23359
23360	23360
23361	23361
23362	23362
23363	23363
23364	23364
23365	23365
23366	23366
23367	23367
23368	23368
23369	23369
23370	23370
23371	23371
23372	23372
23373	23373
23374	23374
23375	23375
23376	23376
23377	23377
23378	23378
23379	23379
23380	23380
23381	23381
23382	23382
23383	23383
23384	23384
23385	23385
23386	23386
23387	23387
23388	23388
23389	23389
23390	23390
23391	23391
23392	23392
23393	23393
23394	23394
23395	23395
23396	23396
23397	23397
23398	23398
23399	23399
23400	23400
23401	23401
23402	23402
23403	23403
23404	23404
23405	23405
23406	23406
23407	23407
23408	23408
23409	23409
23410	23410
23411	23411
23412	23412
23413	23413
23414	23414
23415	23415
23416	23416
23417	23417
23418	23418
23419	23419
23420	23420
23421	23421
23422	23422
23423	23423
23424	23424
23425	23425
23426	23426
23427	23427
23428	23428
23429	23429
23430	23430
23431	23431
23432	23432
23433	23433
23434	23434
23435	23435
23436	23436
23437	23437
23438	23438
23439	23439
23440	23440
23441	23441
23442	23442
23443	23443
23444	23444
23445	23445
23446	23446
23447	23447
23448	23448
23449	23449
23450	23450
23451	23451
23452	23452
23453	23453
23454	23454
23455	23455
23456	23456
23457	23457
23458	23458
23459	23459
23460	23460
23461	23461
23462	23462
23463	23463
23464	23464
23465	23465
23466	23466
23467	23467
23468	23468
23469	23469
23470	23470
23471	23471
23472	23472
23473	23473
23474	23474
23475	23475
23476	23476
23477	23477
23478	23478
23479	23479
23480	23480
23481	23481
23482	23482
23483	23483
23484	23484
23485	23485
23486	23486
23487	23487
23488	23488
23489	23489
23490	23490
23491	23491
23492	23492
23493	23493
23494	23494
23495	23495
23496	23496
23497	23497
23498	23498
23499	23499
23500	23500
23501	23501
23502	23502
23503	23503
23504	23504
23505	23505
23506	23506
23507	23507
23508	23508
23509	23509
23510	23510
23511	23511
23512	23512
23513	23513
23514	23514
23515	23515
23516	23516
23517	23517
23518	23518
23519	23519
23520	23520
23521	23521
23522	23522
23523	23523
23524	23524
23525	23525
23526	23526
23527	23527
23528	23528
23529	23529
23530	23530
23531	23531
23532	23532
23533	23533
23534	23534
23535	23535
23536	23536
23537	23537
23538	23538
23539	23539
23540	23540
23541	23541
23542	23542
23543	23543
23544	23544
23545	23545
23546	23546
23547	23547
23548	23548
23549	23549
23550	23550
23551	23551
23552	23552
23553	23553
23554	23554
23555	23555
23556	23556
23557	23557
23558	23558
23559	23559
23560	23560
23561	23561
23562	23562
23563	23563
23564	23564
23565	23565
23566	23566
23567	23567
23568	23568
23569	23569
23570	23570
23571	23571
23572	23572
23573	23573
23574	23574
23575	23575
23576	23576
23577	23577
23578	23578
23579	23579
23580	23580
23581	23581
23582	23582
23583	23583
23584	23584
23585	23585
23586	23586
23587	23587
23588	23588
23589	23589
23590	23590
23591	23591
23592	23592
23593	23593
23594	23594
23595	23595
23596	23596
23597	23597
23598	23598
23599	23599
23600	23600
23601	23601
23602	23602
23603	23603
23604	23604
23605	23605
23606	23606
23607	23607
23608	23608
23609	23609
23610	23610
23611	23611
23612	23612
23613	23613
23614	23614
23615	23615
23616	23616
23617	23617
23618	23618
23619	23619
23620	23620
23621	23621
23622	23622
23623	23623
23624	23624
23625	23625
23626	23626
23627	23627
23628	23628
23629	23629
23630	23630
23631	23631
23632	23632
23633	23633
23634	23634
23635	23635
23636	23636
23637	23637
23638	23638
23639	23639
23640	23640
23641	23641
23642	23642
23643	23643
23644	23644
23645	23645
23646	23646
23647	23647
23648	23648
23649	23649
23650	23650
23651	23651
23652	23652
23653	23653
23654	23654
23655	23655
23656	23656
23657	23657
23658	23658
23659	23659
23660	23660
23661	23661
23662	23662
23663	23663
23664	23664
23665	23665
23666	23666
23667	23667
23668	23668
23669	23669
23670	23670
23671	23671
23672	23672
23673	23673
23674	23674
23675	23675
23676	23676
23677	23677
23678	23678
23679	23679
23680	23680
23681	23681
23682	23682
23683	23683
23684	23684
23685	23685
23686	23686
23687	23687
23688	23688
23689	23689
23690	23690
23691	23691
23692	23692
23693	23693
23694	23694
23695	23695
23696	23696
23697	23697
23698	23698
23699	23699
23700	23700
23701	23701
23702	23702
23703	23703
23704	23704
23705	23705
23706	23706
23707	23707
23708	23708
23709	23709
23710	23710
23711	23711
23712	23712
23713	23713
23714	23714
23715	23715
23716	23716
23717	23717
23718	23718
23719	23719
23720	23720
23721	23721
23722	23722
23723	23723
23724	23724
23725	23725
23726	23726
23727	23727
23728	23728
23729	23729
23730	23730
23731	23731
23732	23732
23733	23733
23734	23734
23735	23735
23736	23736
23737	23737
23738	23738
23739	23739
23740	23740
23741	23741
23742	23742
23743	23743
23744	23744
23745	23745
23746	23746
23747	23747
23748	23748
23749	23749
23750	23750
23751	23751
23752	23752
23753	23753
23754	23754
23755	23755
23756	23756
23757	23757
23758	23758
23759	23759
23760	23760
23761	23761
23762	23762
23763	23763
23764	23764
23765	23765
23766	23766
23767	23767
23768	23768
23769	23769
23770	23770
23771	23771
23772	23772
23773	23773
23774	23774
23775	23775
23776	23776
23777	23777
23778	23778
23779	23779
23780	23780
23781	23781
23782	23782
23783	23783
23784	23784
23785	23785
23786	23786
23787	23787
23788	23788
23789	23789
23790	23790
23791	23791
23792	23792
23793	23793
23794	23794
23795	23795
23796	23796
23797	23797
23798	23798
23799	23799
23800	23800
23801	23801
23802	23802
23803	23803
23804	23804
23805	23805
23806	23806
23807	23807
23808	23808
23809	23809
23810	23810
23811	23811
23812	23812
23813	23813
23814	23814
23815	23815
23816	23816
23817	23817
23818	23818
23819	23819
23820	23820
23821	23821
23822	23822
23823	23823
23824	23824
23825	23825
23826	23826
23827	23827
23828	23828
23829	23829
23830	23830
23831	23831
23832	23832
23833	23833
23834	23834
23835	23835
23836	23836
23837	23837
23838	23838
23839	23839
23840	23840
23841	23841
23842	23842
23843	23843
23844	23844
23845	23845
23846	23846
23847	23847
23848	23848
23849	23849
23850	23850
23851	23851
23852	23852
23853	23853
23854	23854
23855	23855
23856	23856
23857	23857
23858	23858
23859	23859
23860	23860
23861	23861
23862	23862
23863	23863
23864	23864
23865	23865
23866	23866
23867	23867
23868	23868
23869	23869
23870	23870
23871	23871
23872	23872
23873	23873
23874	23874
23875	23875
23876	23876
23877	23877
23878	23878
23879	23879
23880	23880
23881	23881
23882	23882
23883	23883
23884	23884
23885	23885
23886	23886
23887	23887
23888	23888
23889	23889
23890	23890
23891	23891
23892	23892
23893	23893
23894	23894
23895	23895
23896	23896
23897	23897
23898	23898
23899	23899
23900	23900
23901	23901
23902	23902
23903	23903
23904	23904
23905	23905
23906	23906
23907	23907
23908	23908
23909	23909
23910	23910
23911	23911
23912	23912
23913	23913
23914	23914
23915	23915
23916	23916
23917	23917
23918	23918
23919	23919
23920	23920
23921	23921
23922	23922
23923	23923
23924	23924
23925	23925
23926	23926
23927	23927
23928	23928
23929	23929
23930	23930
23931	23931
23932	23932
23933	23933
23934	23934
23935	23935
23936	23936
23937	23937
23938	23938
23939	23939
23940	23940
23941	23941
23942	23942
23943	23943
23944	23944
23945	23945
23946	23946
23947	23947
23948	23948
23949	23949
23950	23950
23951	23951
23952	23952
23953	23953
23954	23954
23955	23955
23956	23956
23957	23957
23958	23958
23959	23959
23960	23960
23961	23961
23962	23962
23963	23963
23964	23964
23965	23965
23966	23966
23967	23967
23968	23968
23969	23969
23970	23970
23971	23971
23972	23972
23973	23973
23974	23974
23975	23975
23976	23976
23977	23977
23978	23978
23979	23979
23980	23980
23981	23981
23982	23982
23983	23983
23984	23984
23985	23985
23986	23986
23987	23987
23988	23988
23989	23989
23990	23990
23991	23991
23992	23992
23993	23993
23994	23994
23995	23995
23996	23996
23997	23997
23998	23998
23999	23999
24000	24000
24001	24001
24002	24002
24003	24003
24004	24004
24005	24005
24006	24006
24007	24007
24008	24008
24009	24009
24010	24010
24011	24011
24012	24012
24013	24013
24014	24014
24015	24015
24016	24016
24017	24017
24018	24018
24019	24019
24020	24020
24021	24021
24022	24022
24023	24023
24024	24024
24025	24025
24026	24026
24027	24027
24028	24028
24029	24029
24030	24030
24031	24031
24032	24032
24033	24033
24034	24034
24035	24035
24036	24036
24037	24037
24038	24038
24039	24039
24040	24040
24041	24041
24042	24042
24043	24043
24044	24044
24045	24045
24046	24046
24047	24047
24048	24048
24049	24049
24050	24050
24051	24051
24052	24052
24053	24053
24054	24054
24055	24055
24056	24056
24057	24057
24058	24058
24059	24059
24060	24060
24061	24061
24062	24062
24063	24063
24064	24064
24065	24065
24066	24066
24067	24067
24068	24068
24069	24069
24070	24070
24071	24071
24072	24072
24073	24073
24074	24074
24075	24075
24076	24076
24077	24077
24078	24078
24079	24079
24080	24080
24081	24081
24082	24082
24083	24083
24084	24084
24085	24085
24086	24086
24087	24087
24088	24088
24089	24089
24090	24090
24091	24091
24092	24092
24093	24093
24094	24094
24095	24095
24096	24096
24097	24097
24098	24098
24099	24099
24100	24100
24101	24101
24102	24102
24103	24103
24104	24104
24105	24105
24106	24106
24107	24107
24108	24108
24109	24109
24110	24110
24111	24111
24112	24112
24113	24113
24114	24114
24115	24115
24116	24116
24117	24117
24118	24118
24119	24119
24120	24120
24121	24121
24122	24122
24123	24123
24124	24124
24125	24125
24126	24126
24127	24127
24128	24128
24129	24129
24130	24130
24131	24131
24132	24132
24133	24133
24134	24134
24135	24135
24136	24136
24137	24137
24138	24138
24139	24139
24140	24140
24141	24141
24142	24142
24143	24143
24144	24144
24145	24145
24146	24146
24147	24147
24148	24148
24149	24149
24150	24150
24151	24151
24152	24152
24153	24153
24154	24154
24155	24155
24156	24156
24157	24157
24158	24158
24159	24159
24160	24160
24161	24161
24162	24162
24163	24163
24164	24164
24165	24165
24166	24166
24167	24167
24168	24168
24169	24169
24170	24170
24171	24171
24172	24172
24173	24173
24174	24174
24175	24175
24176	24176
24177	24177
24178	24178
24179	24179
24180	24180
24181	24181
24182	24182
24183	24183
24184	24184
24185	24185
24186	24186
24187	24187
24188	24188
24189	24189
24190	24190
24191	24191
24192	24192
24193	24193
24194	24194
24195	24195
24196	24196
24197	24197
24198	24198
24199	24199
24200	24200
24201	24201
24202	24202
24203	24203
24204	24204
24205	24205
24206	24206
24207	24207
24208	24208
24209	24209
24210	24210
24211	24211
24212	24212
24213	24213
24214	24214
24215	24215
24216	24216
24217	24217
24218	24218
24219	24219
24220	24220
24221	24221
24222	24222
24223	24223
24224	24224
24225	24225
24226	24226
24227	24227
24228	24228
24229	24229
24230	24230
24231	24231
24232	24232
24233	24233
24234	24234
24235	24235
24236	24236
24237	24237
24238	24238
24239	24239
24240	24240
24241	24241
24242	24242
24243	24243
24244	24244
24245	24245
24246	24246
24247	24247
24248	24248
24249	24249
24250	24250
24251	24251
24252	24252
24253	24253
24254	24254
24255	24255
24256	24256
24257	24257
24258	24258
24259	24259
24260	24260
24261	24261
24262	24262
24263	24263
24264	24264
24265	24265
24266	24266
24267	24267
24268	24268
24269	24269
24270	24270
24271	24271
24272	24272
24273	24273
24274	24274
24275	24275
24276	24276
24277	24277
24278	24278
24279	24279
24280	24280
24281	24281
24282	24282
24283	24283
24284	24284
24285	24285
24286	24286
24287	24287
24288	24288
24289	24289
24290	24290
24291	24291
24292	24292
24293	24293
24294	24294
24295	24295
24296	24296
24297	24297
24298	24298
24299	24299
24300	24300
24301	24301
24302	24302
24303	24303
24304	24304
24305	24305
24306	24306
24307	24307
24308	24308
24309	24309
24310	24310
24311	24311
24312	24312
24313	24313
24314	24314
24315	24315
24316	24316
24317	24317
24318	24318
24319	24319
24320	24320
24321	24321
24322	24322
24323	24323
24324	24324
24325	24325
24326	24326
24327	24327
24328	24328
24329	24329
24330	24330
24331	24331
24332	24332
24333	24333
24334	24334
24335	24335
24336	24336
24337	24337
24338	24338
24339	24339
24340	24340
24341	24341
24342	24342
24343	24343
24344	24344
24345	24345
24346	24346
24347	24347
24348	24348
24349	24349
24350	24350
24351	24351
24352	24352
24353	24353
24354	24354
24355	24355
24356	24356
24357	24357
24358	24358
24359	24359
24360	24360
24361	24361
24362	24362
24363	24363
24364	24364
24365	24365
24366	24366
24367	24367
24368	24368
24369	24369
24370	24370
24371	24371
24372	24372
24373	24373
24374	24374
24375	24375
24376	24376
24377	24377
24378	24378
24379	24379
24380	24380
24381	24381
24382	24382
24383	24383
24384	24384
24385	24385
24386	24386
24387	24387
24388	24388
24389	24389
24390	24390
24391	24391
24392	24392
24393	24393
24394	24394
24395	24395
24396	24396
24397	24397
24398	24398
24399	24399
24400	24400
24401	24401
24402	24402
24403	24403
24404	24404
24405	24405
24406	24406
24407	24407
24408	24408
24409	24409
24410	24410
24411	24411
24412	24412
24413	24413
24414	24414
24415	24415
24416	24416
24417	24417
24418	24418
24419	24419
24420	24420
24421	24421
24422	24422
24423	24423
24424	24424
24425	24425
24426	24426
24427	24427
24428	24428
24429	24429
24430	24430
24431	24431
24432	24432
24433	24433
24434	24434
24435	24435
24436	24436
24437	24437
24438	24438
24439	24439
24440	24440
24441	24441
24442	24442
24443	24443
24444	24444
24445	24445
24446	24446
24447	24447
24448	24448
24449	24449
24450	24450
24451	24451
24452	24452
24453	24453
24454	24454
24455	24455
24456	24456
24457	24457
24458	24458
24459	24459
24460	24460
24461	24461
24462	24462
24463	24463
24464	24464
24465	24465
24466	24466
24467	24467
24468	24468
24469	24469
24470	24470
24471	24471
24472	24472
24473	24473
24474	24474
24475	24475
24476	24476
24477	24477
24478	24478
24479	24479
24480	24480
24481	24481
24482	24482
24483	24483
24484	24484
24485	24485
24486	24486
24487	24487
24488	24488
24489	24489
24490	24490
24491	24491
24492	24492
24493	24493
24494	24494
24495	24495
24496	24496
24497	24497
24498	24498
24499	24499
24500	24500
24501	24501
24502	24502
24503	24503
24504	24504
24505	24505
24506	24506
24507	24507
24508	24508
24509	24509
24510	24510
24511	24511
24512	24512
24513	24513
24514	24514
24515	24515
24516	24516
24517	24517
24518	24518
24519	24519
24520	24520
24521	24521
24522	24522
24523	24523
24524	24524
24525	24525
24526	24526
24527	24527
24528	24528
24529	24529
24530	24530
24531	24531
24532	24532
24533	24533
24534	24534
24535	24535
24536	24536
24537	24537
24538	24538
24539	24539
24540	24540
24541	24541
24542	24542
24543	24543
24544	24544
24545	24545
24546	24546
24547	24547
24548	24548
24549	24549
24550	24550
24551	24551
24552	24552
24553	24553
24554	24554
24555	24555
24556	24556
24557	24557
24558	24558
24559	24559
24560	24560
24561	24561
24562	24562
24563	24563
24564	24564
24565	24565
24566	24566
24567	24567
24568	24568
24569	24569
24570	24570
24571	24571
24572	24572
24573	24573
24574	24574
24575	24575
24576	24576
24577	24577
24578	24578
24579	24579
24580	24580
24581	24581
24582	24582
24583	24583
24584	24584
24585	24585
24586	24586
24587	24587
24588	24588
24589	24589
24590	24590
24591	24591
24592	24592
24593	24593
24594	24594
24595	24595
24596	24596
24597	24597
24598	24598
24599	24599
24600	24600
24601	24601
24602	24602
24603	24603
24604	24604
24605	24605
24606	24606
24607	24607
24608	24608
24609	24609
24610	24610
24611	24611
24612	24612
24613	24613
24614	24614
24615	24615
24616	24616
24617	24617
24618	24618
24619	24619
24620	24620
24621	24621
24622	24622
24623	24623
24624	24624
24625	24625
24626	24626
24627	24627
24628	24628
24629	24629
24630	24630
24631	24631
24632	24632
24633	24633
24634	24634
24635	24635
24636	24636
24637	24637
24638	24638
24639	24639
24640	24640
24641	24641
24642	24642
24643	24643
24644	24644
24645	24645
24646	24646
24647	24647
24648	24648
24649	24649
24650	24650
24651	24651
24652	24652
24653	24653
24654	24654
24655	24655
24656	24656
24657	24657
24658	24658
24659	24659
24660	24660
24661	24661
24662	24662
24663	24663
24664	24664
24665	24665
24666	24666
24667	24667
24668	24668
24669	24669
24670	24670
24671	24671
24672	24672
24673	24673
24674	24674
24675	24675
24676	24676
24677	24677
24678	24678
24679	24679
24680	24680
24681	24681
24682	24682
24683	24683
24684	24684
24685	24685
24686	24686
24687	24687
24688	24688
24689	24689
24690	24690
24691	24691
24692	24692
24693	24693
24694	24694
24695	24695
24696	24696
24697	24697
24698	24698
24699	24699
24700	24700
24701	24701
24702	24702
24703	24703
24704	24704
24705	24705
24706	24706
24707	24707
24708	24708
24709	24709
24710	24710
24711	24711
24712	24712
24713	24713
24714	24714
24715	24715
24716	24716
24717	24717
24718	24718
24719	24719
24720	24720
24721	24721
24722	24722
24723	24723
24724	24724
24725	24725
24726	24726
24727	24727
24728	24728
24729	24729
24730	24730
24731	24731
24732	24732
24733	24733
24734	24734
24735	24735
24736	24736
24737	24737
24738	24738
24739	24739
24740	24740
24741	24741
24742	24742
24743	24743
24744	24744
24745	24745
24746	24746
24747	24747
24748	24748
24749	24749
24750	24750
24751	24751
24752	24752
24753	24753
24754	24754
24755	24755
24756	24756
24757	24757
24758	24758
24759	24759
24760	24760
24761	24761
24762	24762
24763	24763
24764	24764
24765	24765
24766	24766
24767	24767
24768	24768
24769	24769
24770	24770
24771	24771
24772	24772
24773	24773
24774	24774
24775	24775
24776	24776
24777	24777
24778	24778
24779	24779
24780	24780
24781	24781
24782	24782
24783	24783
24784	24784
24785	24785
24786	24786
24787	24787
24788	24788
24789	24789
24790	24790
24791	24791
24792	24792
24793	24793
24794	24794
24795	24795
24796	24796
24797	24797
24798	24798
24799	24799
24800	24800
24801	24801
24802	24802
24803	24803
24804	24804
24805	24805
24806	24806
24807	24807
24808	24808
24809	24809
24810	24810
24811	24811
24812	24812
24813	24813
24814	24814
24815	24815
24816	24816
24817	24817
24818	24818
24819	24819
24820	24820
24821	24821
24822	24822
24823	24823
24824	24824
24825	24825
24826	24826
24827	24827
24828	24828
24829	24829
24830	24830
24831	24831
24832	24832
24833	24833
24834	24834
24835	24835
24836	24836
24837	24837
24838	24838
24839	24839
24840	24840
24841	24841
24842	24842
24843	24843
24844	24844
24845	24845
24846	24846
24847	24847
24848	24848
24849	24849
24850	24850
24851	24851
24852	24852
24853	24853
24854	24854
24855	24855
24856	24856
24857	24857
24858	24858
24859	24859
24860	24860
24861	24861
24862	24862
24863	24863
24864	24864
24865	24865
24866	24866
24867	24867
24868	24868
24869	24869
24870	24870
24871	24871
24872	24872
24873	24873
24874	24874
24875	24875
24876	24876
24877	24877
24878	24878
24879	24879
24880	24880
24881	24881
24882	24882
24883	24883
24884	24884
24885	24885
24886	24886
24887	24887
24888	24888
24889	24889
24890	24890
24891	24891
24892	24892
24893	24893
24894	24894
24895	24895
24896	24896
24897	24897
24898	24898
24899	24899
24900	24900
24901	24901
24902	24902
24903	24903
24904	24904
24905	24905
24906	24906
24907	24907
24908	24908
24909	24909
24910	24910
24911	24911
24912	24912
24913	24913
24914	24914
24915	24915
24916	24916
24917	24917
24918	24918
24919	24919
24920	24920
24921	24921
24922	24922
24923	24923
24924	24924
24925	24925
24926	24926
24927	24927
24928	24928
24929	24929
24930	24930
24931	24931
24932	24932
24933	24933
24934	24934
24935	24935
24936	24936
24937	24937
24938	24938
24939	24939
24940	24940
24941	24941
24942	24942
24943	24943
24944	24944
24945	24945
24946	24946
24947	24947
24948	24948
24949	24949
24950	24950
24951	24951
24952	24952
24953	24953
24954	24954
24955	24955
24956	24956
24957	24957
24958	24958
24959	24959
24960	24960
24961	24961
24962	24962
24963	24963
24964	24964
24965	24965
24966	24966
24967	24967
24968	24968
24969	24969
24970	24970
24971	24971
24972	24972
24973	24973
24974	24974
24975	24975
24976	24976
24977	24977
24978	24978
24979	24979
24980	24980
24981	24981
24982	24982
24983	24983
24984	24984
24985	24985
24986	24986
24987	24987
24988	24988
24989	24989
24990	24990
24991	24991
24992	24992
24993	24993
24994	24994
24995	24995
24996	24996
24997	24997
24998	24998
24999	24999
25000	25000
25001	25001
25002	25002
25003	25003
25004	25004
25005	25005
25006	25006
25007	25007
25008	25008
25009	25009
25010	25010
25011	25011
25012	25012
25013	25013
25014	25014
25015	25015
25016	25016
25017	25017
25018	25018
25019	25019
25020	25020
25021	25021
25022	25022
25023	25023
25024	25024
25025	25025
25026	25026
25027	25027
25028	25028
25029	25029
25030	25030
25031	25031
25032	25032
25033	25033
25034	25034
25035	25035
25036	25036
25037	25037
25038	25038
25039	25039
25040	25040
25041	25041
25042	25042
25043	25043
25044	25044
25045	25045
25046	25046
25047	25047
25048	25048
25049	25049
25050	25050
25051	25051
25052	25052
25053	25053
25054	25054
25055	25055
25056	25056
25057	25057
25058	25058
25059	25059
25060	25060
25061	25061
25062	25062
25063	25063
25064	25064
25065	25065
25066	25066
25067	25067
25068	25068
25069	25069
25070	25070
25071	25071
25072	25072
25073	25073
25074	25074
25075	25075
25076	25076
25077	25077
25078	25078
25079	25079
25080	25080
25081	25081
25082	25082
25083	25083
25084	25084
25085	25085
25086	25086
25087	25087
25088	25088
25089	25089
25090	25090
25091	25091
25092	25092
25093	25093
25094	25094
25095	25095
25096	25096
25097	25097
25098	25098
25099	25099
25100	25100
25101	25101
25102	25102
25103	25103
25104	25104
25105	25105
25106	25106
25107	25107
25108	25108
25109	25109
25110	25110
25111	25111
25112	25112
25113	25113
25114	25114
25115	25115
25116	25116
25117	25117
25118	25118
25119	25119
25120	25120
25121	25121
25122	25122
25123	25123
25124	25124
25125	25125
25126	25126
25127	25127
25128	25128
25129	25129
25130	25130
25131	25131
25132	25132
25133	25133
25134	25134
25135	25135
25136	25136
25137	25137
25138	25138
25139	25139
25140	25140
25141	25141
25142	25142
25143	25143
25144	25144
25145	25145
25146	25146
25147	25147
25148	25148
25149	25149
25150	25150
25151	25151
25152	25152
25153	25153
25154	25154
25155	25155
25156	25156
25157	25157
25158	25158
25159	25159
25160	25160
25161	25161
25162	25162
25163	25163
25164	25164
25165	25165
25166	25166
25167	25167
25168	25168
25169	25169
25170	25170
25171	25171
25172	25172
25173	25173
25174	25174
25175	25175
25176	25176
25177	25177
25178	25178
25179	25179
25180	25180
25181	25181
25182	25182
25183	25183
25184	25184
25185	25185
25186	25186
25187	25187
25188	25188
25189	25189
25190	25190
25191	25191
25192	25192
25193	25193
25194	25194
25195	25195
25196	25196
25197	25197
25198	25198
25199	25199
25200	25200
25201	25201
25202	25202
25203	25203
25204	25204
25205	25205
25206	25206
25207	25207
25208	25208
25209	25209
25210	25210
25211	25211
25212	25212
25213	25213
25214	25214
25215	25215
25216	25216
25217	25217
25218	25218
25219	25219
25220	25220
25221	25221
25222	25222
25223	25223
25224	25224
25225	25225
25226	25226
25227	25227
25228	25228
25229	25229
25230	25230
25231	25231
25232	25232
25233	25233
25234	25234
25235	25235
25236	25236
25237	25237
25238	25238
25239	25239
25240	25240
25241	25241
25242	25242
25243	25243
25244	25244
25245	25245
25246	25246
25247	25247
25248	25248
25249	25249
25250	25250
25251	25251
25252	25252
25253	25253
25254	25254
25255	25255
25256	25256
25257	25257
25258	25258
25259	25259
25260	25260
25261	25261
25262	25262
25263	25263
25264	25264
25265	25265
25266	25266
25267	25267
25268	25268
25269	25269
25270	25270
25271	25271
25272	25272
25273	25273
25274	25274
25275	25275
25276	25276
25277	25277
25278	25278
25279	25279
25280	25280
25281	25281
25282	25282
25283	25283
25284	25284
25285	25285
25286	25286
25287	25287
25288	25288
25289	25289
25290	25290
25291	25291
25292	25292
25293	25293
25294	25294
25295	25295
25296	25296
25297	25297
25298	25298
25299	25299
25300	25300
25301	25301
25302	25302
25303	25303
25304	25304
25305	25305
25306	25306
25307	25307
25308	25308
25309	25309
25310	25310
25311	25311
25312	25312
25313	25313
25314	25314
25315	25315
25316	25316
25317	25317
25318	25318
25319	25319
25320	25320
25321	25321
25322	25322
25323	25323
25324	25324
25325	25325
25326	25326
25327	25327
25328	25328
25329	25329
25330	25330
25331	25331
25332	25332
25333	25333
25334	25334
25335	25335
25336	25336
25337	25337
25338	25338
25339	25339
25340	25340
25341	25341
25342	25342
25343	25343
25344	25344
25345	25345
25346	25346
25347	25347
25348	25348
25349	25349
25350	25350
25351	25351
25352	25352
25353	25353
25354	25354
25355	25355
25356	25356
25357	25357
25358	25358
25359	25359
25360	25360
25361	25361
25362	25362
25363	25363
25364	25364
25365	25365
25366	25366
25367	25367
25368	25368
25369	25369
25370	25370
25371	25371
25372	25372
25373	25373
25374	25374
25375	25375
25376	25376
25377	25377
25378	25378
25379	25379
25380	25380
25381	25381
25382	25382
25383	25383
25384	25384
25385	25385
25386	25386
25387	25387
25388	25388
25389	25389
25390	25390
25391	25391
25392	25392
25393	25393
25394	25394
25395	25395
25396	25396
25397	25397
25398	25398
25399	25399
25400	25400
25401	25401
25402	25402
25403	25403
25404	25404
25405	25405
25406	25406
25407	25407
25408	25408
25409	25409
25410	25410
25411	25411
25412	25412
25413	25413
25414	25414
25415	25415
25416	25416
25417	25417
25418	25418
25419	25419
25420	25420
25421	25421
25422	25422
25423	25423
25424	25424
25425	25425
25426	25426
25427	25427
25428	25428
25429	25429
25430	25430
25431	25431
25432	25432
25433	25433
25434	25434
25435	25435
25436	25436
25437	25437
25438	25438
25439	25439
25440	25440
25441	25441
25442	25442
25443	25443
25444	25444
25445	25445
25446	25446
25447	25447
25448	25448
25449	25449
25450	25450
25451	25451
25452	25452
25453	25453
25454	25454
25455	25455
25456	25456
25457	25457
25458	25458
25459	25459
25460	25460
25461	25461
25462	25462
25463	25463
25464	25464
25465	25465
25466	25466
25467	25467
25468	25468
25469	25469
25470	25470
25471	25471
25472	25472
25473	25473
25474	25474
25475	25475
25476	25476
25477	25477
25478	25478
25479	25479
25480	25480
25481	25481
25482	25482
25483	25483
25484	25484
25485	25485
25486	25486
25487	25487
25488	25488
25489	25489
25490	25490
25491	25491
25492	25492
25493	25493
25494	25494
25495	25495
25496	25496
25497	25497
25498	25498
25499	25499
